   1  -1.26248093E+02  -1.36245209E+02   7.70559645E+00
   2  -1.01045349E+02   6.48723373E+01   1.38971619E+02
   3  -1.49597845E+01  -9.44183502E+01  -3.24560585E+01
   4   1.49885284E+02  -7.42697067E+01  -1.10545330E+01
   5   1.35133377E+02   1.09526985E+02  -9.61832886E+01
   6   1.27413048E+02   1.42773300E+02   9.43333588E+01
   7   9.26931992E+01  -1.36372650E+02  -3.03308163E+01
   8   9.94218159E+00   1.19923767E+02   2.91558814E+00
   9  -8.36247711E+01   1.08020866E+02  -3.48956337E+01
  10   3.13577251E+01  -4.02437592E+01  -3.06104112E+00
  11   2.01866360E+01   8.95903778E+01  -8.61034012E+01
  12   6.44424295E+00   1.17860870E+02   4.71557693E+01
  13  -5.63164291E+01   3.76162376E+01  -6.43450317E+01
  14   1.30752075E+02  -1.13465523E+02  -4.55519915E+00
  15  -4.41254501E+01  -4.31026649E+01   8.18754959E+01
  16   8.86457977E+01   1.36039001E+02  -3.16195717E+01
  17  -3.71343002E+01   1.45745102E+02  -5.51645517E+00
  18   3.05335197E+01   1.40741776E+02  -4.79877281E+01
  19   6.12269669E+01   7.33583145E+01   3.75155792E+01
  20   6.05333290E+01   8.87839794E+00  -6.12433004E+00
  21   1.42440811E+02   9.72178879E+01  -1.48805344E+02
  22  -8.24867630E+01  -1.22543388E+02  -6.07866783E+01
  23  -6.47875671E+01  -9.88305893E+01   1.08790808E+01
  24  -7.06899872E+01  -1.21057442E+02  -2.70738277E+01
  25  -6.54449539E+01  -7.65796375E+00  -8.16503754E+01
  26   1.31431946E+02  -1.33086929E+02  -2.94933929E+01
  27  -1.97289968E+00  -9.50157852E+01   2.73957908E-01
  28  -4.61786461E+01  -1.40322311E+02   9.88361168E+00
  29   1.36460922E+02  -8.79066315E+01  -1.12053204E+01
  30  -1.08165939E+02  -1.07312332E+02  -2.64141712E+01
  31  -1.82565269E+01  -9.37563629E+01  -4.39213867E+01
  32  -1.56660881E+01  -7.42219467E+01  -3.30259743E+01
  33  -1.40032623E+02  -1.15158829E+02  -5.02422447E+01
  34  -1.35666656E+02  -1.25439346E+02  -2.27218723E+01
  35  -1.11399088E+01  -1.17716553E+02  -3.06769466E+01
  36   4.66362228E+01  -6.78152542E+01  -6.15620422E+01
  37  -1.38527588E+02  -1.06365189E+02  -1.16132050E+01
  38   1.12924095E+02  -1.21752464E+02  -6.67006302E+00
  39  -3.88739777E+01  -1.32577713E+02  -4.81939507E+01
  40  -1.28873596E+02  -1.25064926E+02  -4.44521713E+01
  41  -9.22466812E+01  -1.39895798E+02  -5.59934731E+01
  42  -1.45447495E+02  -1.23314903E+02  -4.28563042E+01
  43   7.03016129E+01  -1.07168442E+02  -3.72270513E+00
  44   3.60095482E+01   1.31657959E+02  -4.53793297E+01
  45   1.12022980E+02  -1.44691040E+02   2.36253471E+01
  46  -7.37234650E+01  -7.20258408E+01  -3.46265182E+01
  47  -1.44160309E+02  -1.14407341E+02   2.08583236E+00
  48   9.79459534E+01   1.34978699E+02  -2.75733185E+01
  49  -1.17651192E+02  -1.45354782E+02  -2.84268227E+01
  50   5.88242340E+01   1.38041672E+02  -3.41201553E+01
  51   6.14915047E+01  -9.90059280E+01  -9.02094269E+00
  52   1.20985594E+01  -1.45232117E+02  -5.03685760E+01
  53   1.48664581E+02  -1.48524994E+02  -1.74106140E+01
  54  -3.88528709E+01   1.16341766E+02  -4.99459152E+01
  55  -1.09692856E+02   1.22120682E+02   1.29851944E+02
  56  -1.13894196E+02  -6.80776062E+01   1.17334061E+02
  57  -2.04096661E+01  -1.41658035E+02   6.56236649E-01
  58   1.48243532E+01  -1.17872833E+02  -7.01472015E+01
  59   6.30208313E-01  -1.17561882E+02  -1.65712929E+01
  60  -1.01332596E+02  -1.18041351E+02  -2.27512608E+01
  61   5.56347389E+01  -1.46252396E+02  -4.00353622E+01
  62   1.41162308E+02   4.03278847E+01   1.24890190E+02
  63  -1.39170624E+02   6.22160301E+01   8.16082382E+01
  64  -9.06821136E+01  -6.87300034E+01  -8.54577446E+00
  65   1.36676590E+02  -1.49879486E+02  -1.98496208E+01
  66   3.04554043E+01  -2.12213764E+01   1.46391113E+02
  67  -5.55881920E+01  -2.59268532E+01  -1.12572128E+02
  68  -8.35204010E+01   8.41949158E+01   1.07597246E+01
  69  -1.43566637E+01   6.60163116E+01   3.68416901E+01
  70   1.16127083E+02  -1.42050980E+02   1.51004677E+01
  71  -1.10026978E+02  -1.21144974E+02   7.26266623E+00
  72  -1.07102684E+02   1.22280411E+02  -4.06618652E+01
  73   1.16917831E+02  -1.29093292E+02   9.56228077E-01
  74   1.65541344E+01   1.49793381E+02  -1.64534588E+01
  75   5.54781151E+01   1.41404785E+02   1.48052950E+01
  76  -3.00754910E+01  -1.41452103E+02   1.53762543E+00
  77  -8.84740524E+01  -9.99764786E+01  -6.64981508E+00
  78  -1.21847404E+02  -7.86454163E+01  -4.73888702E+01
  79  -1.31186615E+02  -8.65080261E+01  -2.91276054E+01
  80  -1.34857529E+02   1.38179443E+02  -3.76759453E+01
  81  -8.76014709E+01  -1.43151566E+02  -4.92501221E+01
  82  -7.99777908E+01  -1.18780006E+02  -3.52412262E+01
  83   1.45298355E+02  -1.30733734E+02  -1.76368618E+01
  84   1.00513824E+02  -8.86029663E+01  -1.67988510E+01
  85  -1.45605111E+00  -4.73313026E+01  -7.84069872E+00
  86  -9.80895081E+01  -1.29735336E+02  -5.66075478E+01
  87   3.79573784E+01   1.11521759E+02  -3.00889893E+01
  88   6.43846207E+01  -8.16303635E+00   1.49394455E+02
  89  -4.80004519E-01  -1.28291445E+01   6.91669693E+01
  90   7.58500443E+01  -8.93618774E+01   1.24776245E+02
  91   2.96000671E+01  -8.50701904E+01  -3.47544899E+01
  92  -1.26068771E+02  -1.47059418E+02  -3.89058609E+01
  93  -3.68765717E+01  -1.05875587E+02   2.43121624E+00
  94   8.19032135E+01  -6.04340019E+01  -6.45381317E+01
  95   7.15115433E+01  -3.78234024E+01  -1.88234386E+01
  96   5.81208801E+01  -1.05892639E+02  -2.82863350E+01
  97   6.62180405E+01  -1.13837929E+02  -3.68610916E+01
  98   5.38458862E+01   6.65699158E+01  -2.73570366E+01
  99  -1.07540741E+02  -1.00831299E+02  -1.10710697E+01
 100  -9.30269928E+01  -1.14230217E+02  -1.32406254E+01
 101  -2.71859322E+01  -1.03511345E+02  -4.25835075E+01
 102   4.17890024E+00  -6.51267529E+00  -9.01885452E+01
 103  -1.11511971E+02  -1.30543884E+02  -3.30239525E+01
 104  -1.25884048E+02   6.81854630E+01   1.29008118E+02
 105  -8.86316452E+01  -1.00815170E+02  -3.32206607E+00
 106  -4.11715622E+01  -9.75120087E+01  -4.02421494E+01
 107   8.47931442E+01  -1.15753998E+02  -1.27883520E+01
 108  -8.22342224E+01   1.45799011E+02  -3.78744812E+01
 109  -1.55685921E+01  -1.19526756E+02  -4.54665718E+01
 110   9.11630249E+01  -2.92005024E+01  -1.23716309E+02
 111   1.34000259E+02   3.03586292E+01  -1.39750900E+02
 112   3.21907692E+01  -9.38445129E+01  -3.30335083E+01
 113   1.15625519E+02  -1.40738159E+02  -2.10368109E+00
 114   1.17017838E+02  -1.40593582E+02  -2.51108074E+01
 115  -1.12322845E+02  -1.36861557E+02  -3.16488571E+01
 116  -5.65925407E+00  -6.09281731E+01  -3.54720116E+01
 117  -5.73759794E+00  -4.49135933E+01  -3.22272453E+01
 118   3.39771156E+01   1.35255417E+02  -1.26592169E+01
 119   1.17270918E+01   1.38448364E+02  -3.70874062E+01
 120  -5.33980293E+01  -9.46332397E+01  -2.47284470E+01
 121   1.38413528E+02  -1.16148468E+02  -4.21083565E+01
 122  -1.29816589E+02  -8.08030319E+01  -3.08888168E+01
 123  -9.04278564E+01   1.13448952E+02  -4.63026009E+01
 124  -1.35486145E+02   1.42410477E+02  -1.98000183E+01
 125  -4.70055161E+01   9.84374313E+01  -1.49972809E+02
 126   6.66987381E+01  -6.86397018E+01  -2.95884724E+01
 127  -1.15101532E+02  -1.40347931E+02  -2.96105862E+01
 128   6.59320450E+01   9.18243484E+01  -2.25304871E+01
 129   6.11915779E+01   6.45209198E+01   5.09783020E+01
 130  -1.07387253E+02  -9.05496216E+01  -5.26068764E+01
 131   4.23563843E+01   8.47016239E+00   1.22870300E+02
 132  -1.68537121E+01  -1.30823990E+02   1.01607647E+01
 133  -2.75819092E+01   1.48901169E+02  -5.51829262E+01
 134  -1.31366682E+01   1.19671791E+02  -1.56937943E+01
 135  -4.26312180E+01  -1.16525566E+02  -2.93137131E+01
 136  -6.30899887E+01  -1.29402023E+02  -2.97449799E+01
 137  -4.21625214E+01  -1.40962463E+02   1.11790299E+00
 138   6.19956894E+01   9.94552536E+01  -2.03112202E+01
 139   6.40170746E+01   1.44131653E+02  -8.41369510E-01
 140  -3.31014595E+01   6.53397217E+01  -1.18330818E+02
 141  -4.43342133E+01  -8.25071106E+01   1.22667191E+02
 142   1.25761833E+02  -1.31009079E+02  -3.08928967E+01
 143  -7.78793259E+01  -1.04075058E+02  -8.54040086E-02
 144   5.49626541E+01  -1.49398911E+02   1.52103977E+01
 145  -1.12835350E+02   1.07553581E+02  -8.32467194E+01
 146  -9.96890106E+01   1.86627254E+01   9.97771988E+01
 147  -1.16374527E+02  -1.33443741E+02  -4.13395348E+01
 148   7.63532867E+01  -1.09371147E+02  -2.39311123E+01
 149   6.40556030E+01  -4.51383057E+01   2.47745857E+01
 150  -7.51317501E-01  -9.52964478E+01  -1.64541073E+01
 151  -4.42905388E+01  -7.72906265E+01  -1.37836266E+01
 152  -9.83216782E+01   1.22981407E+02  -2.08374538E+01
 153  -1.05577293E+02   1.39629730E+02  -4.11978760E+01
 154  -1.24322731E+02  -1.21913109E+02  -4.56894302E+01
 155   9.69056778E+01  -8.57614746E+01   9.28733978E+01
 156  -6.69929886E+00   6.93709946E+01   1.41237885E+02
 157   7.60673447E+01  -1.12425316E+02  -5.19300537E+01
 158   7.87230682E+01  -4.17191124E+01   1.01164589E+02
 159   1.04073402E+02  -1.40687225E+02  -1.89311066E+01
 160   1.43543060E+02  -1.28200302E+02  -3.08162498E+01
