     1      2   6.000000000000000E-01   0.000000000000000E+00
     1      3   6.000000000000000E-01   0.000000000000000E+00
     1      4   6.000000000000000E-01   0.000000000000000E+00
     1      5   6.000000000000000E-01   0.000000000000000E+00
     2      2   6.000000000000000E-01   0.000000000000000E+00
     2      3   6.000000000000000E-01   0.000000000000000E+00
     2      4   6.000000000000000E-01   0.000000000000000E+00
     2      5   6.000000000000000E-01   0.000000000000000E+00
     3      2   6.000000000000000E-01   0.000000000000000E+00
     3      3   6.000000000000000E-01   0.000000000000000E+00
     3      4   6.000000000000000E-01   0.000000000000000E+00
     3      5   6.000000000000000E-01   0.000000000000000E+00
     4      2   6.000000000000000E-01   0.000000000000000E+00
     4      3   6.000000000000000E-01   0.000000000000000E+00
     4      4   6.000000000000000E-01   0.000000000000000E+00
     4      5   6.000000000000000E-01   0.000000000000000E+00
     5      2   6.000000000000000E-01   0.000000000000000E+00
     5      3   6.000000000000000E-01   0.000000000000000E+00
     5      4   6.000000000000000E-01   0.000000000000000E+00
     5      5   6.000000000000000E-01   0.000000000000000E+00
     6      2   6.000000000000000E-01   0.000000000000000E+00
     6      3   6.000000000000000E-01   0.000000000000000E+00
     6      4   6.000000000000000E-01   0.000000000000000E+00
     6      5   6.000000000000000E-01   0.000000000000000E+00
     7      2   6.000000000000000E-01   0.000000000000000E+00
     7      3   6.000000000000000E-01   0.000000000000000E+00
     7      4   6.000000000000000E-01   0.000000000000000E+00
     7      5   6.000000000000000E-01   0.000000000000000E+00
     8      2   6.000000000000000E-01   0.000000000000000E+00
     8      3   6.000000000000000E-01   0.000000000000000E+00
     8      4   6.000000000000000E-01   0.000000000000000E+00
     8      5   6.000000000000000E-01   0.000000000000000E+00
     9      2   6.000000000000000E-01   0.000000000000000E+00
     9      3   6.000000000000000E-01   0.000000000000000E+00
     9      4   6.000000000000000E-01   0.000000000000000E+00
     9      5   6.000000000000000E-01   0.000000000000000E+00
    10      2   6.000000000000000E-01   0.000000000000000E+00
    10      3   6.000000000000000E-01   0.000000000000000E+00
    10      4   6.000000000000000E-01   0.000000000000000E+00
    10      5   6.000000000000000E-01   0.000000000000000E+00
    11      2   6.000000000000000E-01   0.000000000000000E+00
    11      3   6.000000000000000E-01   0.000000000000000E+00
    11      4   6.000000000000000E-01   0.000000000000000E+00
    11      5   6.000000000000000E-01   0.000000000000000E+00
    12      2   6.000000000000000E-01   0.000000000000000E+00
    12      3   6.000000000000000E-01   0.000000000000000E+00
    12      4   6.000000000000000E-01   0.000000000000000E+00
    12      5   6.000000000000000E-01   0.000000000000000E+00
    13      2   6.000000000000000E-01   0.000000000000000E+00
    13      3   6.000000000000000E-01   0.000000000000000E+00
    13      4   6.000000000000000E-01   0.000000000000000E+00
    13      5   6.000000000000000E-01   0.000000000000000E+00
    14      2   6.000000000000000E-01   0.000000000000000E+00
    14      3   6.000000000000000E-01   0.000000000000000E+00
    14      4   6.000000000000000E-01   0.000000000000000E+00
    14      5   6.000000000000000E-01   0.000000000000000E+00
    15      2   6.000000000000000E-01   0.000000000000000E+00
    15      3   6.000000000000000E-01   0.000000000000000E+00
    15      4   6.000000000000000E-01   0.000000000000000E+00
    15      5   6.000000000000000E-01   0.000000000000000E+00
    16      2   6.000000000000000E-01   0.000000000000000E+00
    16      3   6.000000000000000E-01   0.000000000000000E+00
    16      4   6.000000000000000E-01   0.000000000000000E+00
    16      5   6.000000000000000E-01   0.000000000000000E+00
    17      2   6.000000000000000E-01   0.000000000000000E+00
    17      3   6.000000000000000E-01   0.000000000000000E+00
    17      4   6.000000000000000E-01   0.000000000000000E+00
    17      5   6.000000000000000E-01   0.000000000000000E+00
    18      2   6.000000000000000E-01   0.000000000000000E+00
    18      3   6.000000000000000E-01   0.000000000000000E+00
    18      4   6.000000000000000E-01   0.000000000000000E+00
    18      5   6.000000000000000E-01   0.000000000000000E+00
    19      2   6.000000000000000E-01   0.000000000000000E+00
    19      3   6.000000000000000E-01   0.000000000000000E+00
    19      4   6.000000000000000E-01   0.000000000000000E+00
    19      5   6.000000000000000E-01   0.000000000000000E+00
    20      2   6.000000000000000E-01   0.000000000000000E+00
    20      3   6.000000000000000E-01   0.000000000000000E+00
    20      4   6.000000000000000E-01   0.000000000000000E+00
    20      5   6.000000000000000E-01   0.000000000000000E+00
    21      2   6.000000000000000E-01   0.000000000000000E+00
    21      3   6.000000000000000E-01   0.000000000000000E+00
    21      4   6.000000000000000E-01   0.000000000000000E+00
    21      5   6.000000000000000E-01   0.000000000000000E+00
    22      2   6.000000000000000E-01   0.000000000000000E+00
    22      3   6.000000000000000E-01   0.000000000000000E+00
    22      4   6.000000000000000E-01   0.000000000000000E+00
    22      5   6.000000000000000E-01   0.000000000000000E+00
    23      2   6.000000000000000E-01   0.000000000000000E+00
    23      3   6.000000000000000E-01   0.000000000000000E+00
    23      4   6.000000000000000E-01   0.000000000000000E+00
    23      5   6.000000000000000E-01   0.000000000000000E+00
    24      2   6.000000000000000E-01   0.000000000000000E+00
    24      3   6.000000000000000E-01   0.000000000000000E+00
    24      4   6.000000000000000E-01   0.000000000000000E+00
    24      5   6.000000000000000E-01   0.000000000000000E+00
    25      2   6.000000000000000E-01   0.000000000000000E+00
    25      3   6.000000000000000E-01   0.000000000000000E+00
    25      4   6.000000000000000E-01   0.000000000000000E+00
    25      5   6.000000000000000E-01   0.000000000000000E+00
    26      2   6.000000000000000E-01   0.000000000000000E+00
    26      3   6.000000000000000E-01   0.000000000000000E+00
    26      4   6.000000000000000E-01   0.000000000000000E+00
    26      5   6.000000000000000E-01   0.000000000000000E+00
    27      2   6.000000000000000E-01   0.000000000000000E+00
    27      3   6.000000000000000E-01   0.000000000000000E+00
    27      4   6.000000000000000E-01   0.000000000000000E+00
    27      5   6.000000000000000E-01   0.000000000000000E+00
    28      2   6.000000000000000E-01   0.000000000000000E+00
    28      3   6.000000000000000E-01   0.000000000000000E+00
    28      4   6.000000000000000E-01   0.000000000000000E+00
    28      5   6.000000000000000E-01   0.000000000000000E+00
    29      2   6.000000000000000E-01   0.000000000000000E+00
    29      3   6.000000000000000E-01   0.000000000000000E+00
    29      4   6.000000000000000E-01   0.000000000000000E+00
    29      5   6.000000000000000E-01   0.000000000000000E+00
    30      2   6.000000000000000E-01   0.000000000000000E+00
    30      3   6.000000000000000E-01   0.000000000000000E+00
    30      4   6.000000000000000E-01   0.000000000000000E+00
    30      5   6.000000000000000E-01   0.000000000000000E+00
    31      2   6.000000000000000E-01   0.000000000000000E+00
    31      3   6.000000000000000E-01   0.000000000000000E+00
    31      4   6.000000000000000E-01   0.000000000000000E+00
    31      5   6.000000000000000E-01   0.000000000000000E+00
    32      2   6.000000000000000E-01   0.000000000000000E+00
    32      3   6.000000000000000E-01   0.000000000000000E+00
    32      4   6.000000000000000E-01   0.000000000000000E+00
    32      5   6.000000000000000E-01   0.000000000000000E+00
    33      2   6.000000000000000E-01   0.000000000000000E+00
    33      3   6.000000000000000E-01   0.000000000000000E+00
    33      4   6.000000000000000E-01   0.000000000000000E+00
    33      5   6.000000000000000E-01   0.000000000000000E+00
    34      2   6.000000000000000E-01   0.000000000000000E+00
    34      3   6.000000000000000E-01   0.000000000000000E+00
    34      4   6.000000000000000E-01   0.000000000000000E+00
    34      5   6.000000000000000E-01   0.000000000000000E+00
    35      2   6.000000000000000E-01   0.000000000000000E+00
    35      3   6.000000000000000E-01   0.000000000000000E+00
    35      4   6.000000000000000E-01   0.000000000000000E+00
    35      5   6.000000000000000E-01   0.000000000000000E+00
    36      2   6.000000000000000E-01   0.000000000000000E+00
    36      3   6.000000000000000E-01   0.000000000000000E+00
    36      4   6.000000000000000E-01   0.000000000000000E+00
    36      5   6.000000000000000E-01   0.000000000000000E+00
    37      2   6.000000000000000E-01   0.000000000000000E+00
    37      3   6.000000000000000E-01   0.000000000000000E+00
    37      4   6.000000000000000E-01   0.000000000000000E+00
    37      5   6.000000000000000E-01   0.000000000000000E+00
    38      2   6.000000000000000E-01   0.000000000000000E+00
    38      3   6.000000000000000E-01   0.000000000000000E+00
    38      4   6.000000000000000E-01   0.000000000000000E+00
    38      5   6.000000000000000E-01   0.000000000000000E+00
    39      2   6.000000000000000E-01   0.000000000000000E+00
    39      3   6.000000000000000E-01   0.000000000000000E+00
    39      4   6.000000000000000E-01   0.000000000000000E+00
    39      5   6.000000000000000E-01   0.000000000000000E+00
    40      2   6.000000000000000E-01   0.000000000000000E+00
    40      3   6.000000000000000E-01   0.000000000000000E+00
    40      4   6.000000000000000E-01   0.000000000000000E+00
    40      5   6.000000000000000E-01   0.000000000000000E+00
    41      2   6.000000000000000E-01   0.000000000000000E+00
    41      3   6.000000000000000E-01   0.000000000000000E+00
    41      4   6.000000000000000E-01   0.000000000000000E+00
    41      5   6.000000000000000E-01   0.000000000000000E+00
    42      2   6.000000000000000E-01   0.000000000000000E+00
    42      3   6.000000000000000E-01   0.000000000000000E+00
    42      4   6.000000000000000E-01   0.000000000000000E+00
    42      5   6.000000000000000E-01   0.000000000000000E+00
    43      2   6.000000000000000E-01   0.000000000000000E+00
    43      3   6.000000000000000E-01   0.000000000000000E+00
    43      4   6.000000000000000E-01   0.000000000000000E+00
    43      5   6.000000000000000E-01   0.000000000000000E+00
    44      2   6.000000000000000E-01   0.000000000000000E+00
    44      3   6.000000000000000E-01   0.000000000000000E+00
    44      4   6.000000000000000E-01   0.000000000000000E+00
    44      5   6.000000000000000E-01   0.000000000000000E+00
    45      2   6.000000000000000E-01   0.000000000000000E+00
    45      3   6.000000000000000E-01   0.000000000000000E+00
    45      4   6.000000000000000E-01   0.000000000000000E+00
    45      5   6.000000000000000E-01   0.000000000000000E+00
    46      2   6.000000000000000E-01   0.000000000000000E+00
    46      3   6.000000000000000E-01   0.000000000000000E+00
    46      4   6.000000000000000E-01   0.000000000000000E+00
    46      5   6.000000000000000E-01   0.000000000000000E+00
    47      2   6.000000000000000E-01   0.000000000000000E+00
    47      3   6.000000000000000E-01   0.000000000000000E+00
    47      4   6.000000000000000E-01   0.000000000000000E+00
    47      5   6.000000000000000E-01   0.000000000000000E+00
    48      2   6.000000000000000E-01   0.000000000000000E+00
    48      3   6.000000000000000E-01   0.000000000000000E+00
    48      4   6.000000000000000E-01   0.000000000000000E+00
    48      5   6.000000000000000E-01   0.000000000000000E+00
    49      2   6.000000000000000E-01   0.000000000000000E+00
    49      3   6.000000000000000E-01   0.000000000000000E+00
    49      4   6.000000000000000E-01   0.000000000000000E+00
    49      5   6.000000000000000E-01   0.000000000000000E+00
    50      2   6.000000000000000E-01   0.000000000000000E+00
    50      3   6.000000000000000E-01   0.000000000000000E+00
    50      4   6.000000000000000E-01   0.000000000000000E+00
    50      5   6.000000000000000E-01   0.000000000000000E+00
    51      2   6.000000000000000E-01   0.000000000000000E+00
    51      3   6.000000000000000E-01   0.000000000000000E+00
    51      4   6.000000000000000E-01   0.000000000000000E+00
    51      5   6.000000000000000E-01   0.000000000000000E+00
    52      2   6.000000000000000E-01   0.000000000000000E+00
    52      3   6.000000000000000E-01   0.000000000000000E+00
    52      4   6.000000000000000E-01   0.000000000000000E+00
    52      5   6.000000000000000E-01   0.000000000000000E+00
    53      2   6.000000000000000E-01   0.000000000000000E+00
    53      3   6.000000000000000E-01   0.000000000000000E+00
    53      4   6.000000000000000E-01   0.000000000000000E+00
    53      5   6.000000000000000E-01   0.000000000000000E+00
    54      2   6.000000000000000E-01   0.000000000000000E+00
    54      3   6.000000000000000E-01   0.000000000000000E+00
    54      4   6.000000000000000E-01   0.000000000000000E+00
    54      5   6.000000000000000E-01   0.000000000000000E+00
    55      2   6.000000000000000E-01   0.000000000000000E+00
    55      3   6.000000000000000E-01   0.000000000000000E+00
    55      4   6.000000000000000E-01   0.000000000000000E+00
    55      5   6.000000000000000E-01   0.000000000000000E+00
    56      2   6.000000000000000E-01   0.000000000000000E+00
    56      3   6.000000000000000E-01   0.000000000000000E+00
    56      4   6.000000000000000E-01   0.000000000000000E+00
    56      5   6.000000000000000E-01   0.000000000000000E+00
    57      2   6.000000000000000E-01   0.000000000000000E+00
    57      3   6.000000000000000E-01   0.000000000000000E+00
    57      4   6.000000000000000E-01   0.000000000000000E+00
    57      5   6.000000000000000E-01   0.000000000000000E+00
    58      2   6.000000000000000E-01   0.000000000000000E+00
    58      3   6.000000000000000E-01   0.000000000000000E+00
    58      4   6.000000000000000E-01   0.000000000000000E+00
    58      5   6.000000000000000E-01   0.000000000000000E+00
    59      2   6.000000000000000E-01   0.000000000000000E+00
    59      3   6.000000000000000E-01   0.000000000000000E+00
    59      4   6.000000000000000E-01   0.000000000000000E+00
    59      5   6.000000000000000E-01   0.000000000000000E+00
    60      2   6.000000000000000E-01   0.000000000000000E+00
    60      3   6.000000000000000E-01   0.000000000000000E+00
    60      4   6.000000000000000E-01   0.000000000000000E+00
    60      5   6.000000000000000E-01   0.000000000000000E+00
    61      2   6.000000000000000E-01   0.000000000000000E+00
    61      3   6.000000000000000E-01   0.000000000000000E+00
    61      4   6.000000000000000E-01   0.000000000000000E+00
    61      5   6.000000000000000E-01   0.000000000000000E+00
    62      2   6.000000000000000E-01   0.000000000000000E+00
    62      3   6.000000000000000E-01   0.000000000000000E+00
    62      4   6.000000000000000E-01   0.000000000000000E+00
    62      5   6.000000000000000E-01   0.000000000000000E+00
    63      2   6.000000000000000E-01   0.000000000000000E+00
    63      3   6.000000000000000E-01   0.000000000000000E+00
    63      4   6.000000000000000E-01   0.000000000000000E+00
    63      5   6.000000000000000E-01   0.000000000000000E+00
    64      2   6.000000000000000E-01   0.000000000000000E+00
    64      3   6.000000000000000E-01   0.000000000000000E+00
    64      4   6.000000000000000E-01   0.000000000000000E+00
    64      5   6.000000000000000E-01   0.000000000000000E+00
    65      2   6.000000000000000E-01   0.000000000000000E+00
    65      3   6.000000000000000E-01   0.000000000000000E+00
    65      4   6.000000000000000E-01   0.000000000000000E+00
    65      5   6.000000000000000E-01   0.000000000000000E+00
    66      2   6.000000000000000E-01   0.000000000000000E+00
    66      3   6.000000000000000E-01   0.000000000000000E+00
    66      4   6.000000000000000E-01   0.000000000000000E+00
    66      5   6.000000000000000E-01   0.000000000000000E+00
    67      2   6.000000000000000E-01   0.000000000000000E+00
    67      3   6.000000000000000E-01   0.000000000000000E+00
    67      4   6.000000000000000E-01   0.000000000000000E+00
    67      5   6.000000000000000E-01   0.000000000000000E+00
    68      2   6.000000000000000E-01   0.000000000000000E+00
    68      3   6.000000000000000E-01   0.000000000000000E+00
    68      4   6.000000000000000E-01   0.000000000000000E+00
    68      5   6.000000000000000E-01   0.000000000000000E+00
    69      2   6.000000000000000E-01   0.000000000000000E+00
    69      3   6.000000000000000E-01   0.000000000000000E+00
    69      4   6.000000000000000E-01   0.000000000000000E+00
    69      5   6.000000000000000E-01   0.000000000000000E+00
    70      2   6.000000000000000E-01   0.000000000000000E+00
    70      3   6.000000000000000E-01   0.000000000000000E+00
    70      4   6.000000000000000E-01   0.000000000000000E+00
    70      5   6.000000000000000E-01   0.000000000000000E+00
    71      2   6.000000000000000E-01   0.000000000000000E+00
    71      3   6.000000000000000E-01   0.000000000000000E+00
    71      4   6.000000000000000E-01   0.000000000000000E+00
    71      5   6.000000000000000E-01   0.000000000000000E+00
    72      2   6.000000000000000E-01   0.000000000000000E+00
    72      3   6.000000000000000E-01   0.000000000000000E+00
    72      4   6.000000000000000E-01   0.000000000000000E+00
    72      5   6.000000000000000E-01   0.000000000000000E+00
    73      2   6.000000000000000E-01   0.000000000000000E+00
    73      3   6.000000000000000E-01   0.000000000000000E+00
    73      4   6.000000000000000E-01   0.000000000000000E+00
    73      5   6.000000000000000E-01   0.000000000000000E+00
    74      2   6.000000000000000E-01   0.000000000000000E+00
    74      3   6.000000000000000E-01   0.000000000000000E+00
    74      4   6.000000000000000E-01   0.000000000000000E+00
    74      5   6.000000000000000E-01   0.000000000000000E+00
    75      2   6.000000000000000E-01   0.000000000000000E+00
    75      3   6.000000000000000E-01   0.000000000000000E+00
    75      4   6.000000000000000E-01   0.000000000000000E+00
    75      5   6.000000000000000E-01   0.000000000000000E+00
    76      2   6.000000000000000E-01   0.000000000000000E+00
    76      3   6.000000000000000E-01   0.000000000000000E+00
    76      4   6.000000000000000E-01   0.000000000000000E+00
    76      5   6.000000000000000E-01   0.000000000000000E+00
    77      2   6.000000000000000E-01   0.000000000000000E+00
    77      3   6.000000000000000E-01   0.000000000000000E+00
    77      4   6.000000000000000E-01   0.000000000000000E+00
    77      5   6.000000000000000E-01   0.000000000000000E+00
    78      2   6.000000000000000E-01   0.000000000000000E+00
    78      3   6.000000000000000E-01   0.000000000000000E+00
    78      4   6.000000000000000E-01   0.000000000000000E+00
    78      5   6.000000000000000E-01   0.000000000000000E+00
    79      2   6.000000000000000E-01   0.000000000000000E+00
    79      3   6.000000000000000E-01   0.000000000000000E+00
    79      4   6.000000000000000E-01   0.000000000000000E+00
    79      5   6.000000000000000E-01   0.000000000000000E+00
    80      2   6.000000000000000E-01   0.000000000000000E+00
    80      3   6.000000000000000E-01   0.000000000000000E+00
    80      4   6.000000000000000E-01   0.000000000000000E+00
    80      5   6.000000000000000E-01   0.000000000000000E+00
    81      2   6.000000000000000E-01   0.000000000000000E+00
    81      3   6.000000000000000E-01   0.000000000000000E+00
    81      4   6.000000000000000E-01   0.000000000000000E+00
    81      5   6.000000000000000E-01   0.000000000000000E+00
    82      2   6.000000000000000E-01   0.000000000000000E+00
    82      3   6.000000000000000E-01   0.000000000000000E+00
    82      4   6.000000000000000E-01   0.000000000000000E+00
    82      5   6.000000000000000E-01   0.000000000000000E+00
    83      2   6.000000000000000E-01   0.000000000000000E+00
    83      3   6.000000000000000E-01   0.000000000000000E+00
    83      4   6.000000000000000E-01   0.000000000000000E+00
    83      5   6.000000000000000E-01   0.000000000000000E+00
    84      2   6.000000000000000E-01   0.000000000000000E+00
    84      3   6.000000000000000E-01   0.000000000000000E+00
    84      4   6.000000000000000E-01   0.000000000000000E+00
    84      5   6.000000000000000E-01   0.000000000000000E+00
    85      2   6.000000000000000E-01   0.000000000000000E+00
    85      3   6.000000000000000E-01   0.000000000000000E+00
    85      4   6.000000000000000E-01   0.000000000000000E+00
    85      5   6.000000000000000E-01   0.000000000000000E+00
    86      2   6.000000000000000E-01   0.000000000000000E+00
    86      3   6.000000000000000E-01   0.000000000000000E+00
    86      4   6.000000000000000E-01   0.000000000000000E+00
    86      5   6.000000000000000E-01   0.000000000000000E+00
    87      2   6.000000000000000E-01   0.000000000000000E+00
    87      3   6.000000000000000E-01   0.000000000000000E+00
    87      4   6.000000000000000E-01   0.000000000000000E+00
    87      5   6.000000000000000E-01   0.000000000000000E+00
    88      2   6.000000000000000E-01   0.000000000000000E+00
    88      3   6.000000000000000E-01   0.000000000000000E+00
    88      4   6.000000000000000E-01   0.000000000000000E+00
    88      5   6.000000000000000E-01   0.000000000000000E+00
    89      2   6.000000000000000E-01   0.000000000000000E+00
    89      3   6.000000000000000E-01   0.000000000000000E+00
    89      4   6.000000000000000E-01   0.000000000000000E+00
    89      5   6.000000000000000E-01   0.000000000000000E+00
    90      2   6.000000000000000E-01   0.000000000000000E+00
    90      3   6.000000000000000E-01   0.000000000000000E+00
    90      4   6.000000000000000E-01   0.000000000000000E+00
    90      5   6.000000000000000E-01   0.000000000000000E+00
    91      2   6.000000000000000E-01   0.000000000000000E+00
    91      3   6.000000000000000E-01   0.000000000000000E+00
    91      4   6.000000000000000E-01   0.000000000000000E+00
    91      5   6.000000000000000E-01   0.000000000000000E+00
    92      2   6.000000000000000E-01   0.000000000000000E+00
    92      3   6.000000000000000E-01   0.000000000000000E+00
    92      4   6.000000000000000E-01   0.000000000000000E+00
    92      5   6.000000000000000E-01   0.000000000000000E+00
    93      2   6.000000000000000E-01   0.000000000000000E+00
    93      3   6.000000000000000E-01   0.000000000000000E+00
    93      4   6.000000000000000E-01   0.000000000000000E+00
    93      5   6.000000000000000E-01   0.000000000000000E+00
    94      2   6.000000000000000E-01   0.000000000000000E+00
    94      3   6.000000000000000E-01   0.000000000000000E+00
    94      4   6.000000000000000E-01   0.000000000000000E+00
    94      5   6.000000000000000E-01   0.000000000000000E+00
    95      2   6.000000000000000E-01   0.000000000000000E+00
    95      3   6.000000000000000E-01   0.000000000000000E+00
    95      4   6.000000000000000E-01   0.000000000000000E+00
    95      5   6.000000000000000E-01   0.000000000000000E+00
    96      2   6.000000000000000E-01   0.000000000000000E+00
    96      3   6.000000000000000E-01   0.000000000000000E+00
    96      4   6.000000000000000E-01   0.000000000000000E+00
    96      5   6.000000000000000E-01   0.000000000000000E+00
    97      2   6.000000000000000E-01   0.000000000000000E+00
    97      3   6.000000000000000E-01   0.000000000000000E+00
    97      4   6.000000000000000E-01   0.000000000000000E+00
    97      5   6.000000000000000E-01   0.000000000000000E+00
    98      2   6.000000000000000E-01   0.000000000000000E+00
    98      3   6.000000000000000E-01   0.000000000000000E+00
    98      4   6.000000000000000E-01   0.000000000000000E+00
    98      5   6.000000000000000E-01   0.000000000000000E+00
    99      2   6.000000000000000E-01   0.000000000000000E+00
    99      3   6.000000000000000E-01   0.000000000000000E+00
    99      4   6.000000000000000E-01   0.000000000000000E+00
    99      5   6.000000000000000E-01   0.000000000000000E+00
   100      2   6.000000000000000E-01   0.000000000000000E+00
   100      3   6.000000000000000E-01   0.000000000000000E+00
   100      4   6.000000000000000E-01   0.000000000000000E+00
   100      5   6.000000000000000E-01   0.000000000000000E+00
   101      2   6.000000000000000E-01   0.000000000000000E+00
   101      3   6.000000000000000E-01   0.000000000000000E+00
   101      4   6.000000000000000E-01   0.000000000000000E+00
   101      5   6.000000000000000E-01   0.000000000000000E+00
   102      2   6.000000000000000E-01   0.000000000000000E+00
   102      3   6.000000000000000E-01   0.000000000000000E+00
   102      4   6.000000000000000E-01   0.000000000000000E+00
   102      5   6.000000000000000E-01   0.000000000000000E+00
   103      2   6.000000000000000E-01   0.000000000000000E+00
   103      3   6.000000000000000E-01   0.000000000000000E+00
   103      4   6.000000000000000E-01   0.000000000000000E+00
   103      5   6.000000000000000E-01   0.000000000000000E+00
   104      2   6.000000000000000E-01   0.000000000000000E+00
   104      3   6.000000000000000E-01   0.000000000000000E+00
   104      4   6.000000000000000E-01   0.000000000000000E+00
   104      5   6.000000000000000E-01   0.000000000000000E+00
   105      2   6.000000000000000E-01   0.000000000000000E+00
   105      3   6.000000000000000E-01   0.000000000000000E+00
   105      4   6.000000000000000E-01   0.000000000000000E+00
   105      5   6.000000000000000E-01   0.000000000000000E+00
   106      2   6.000000000000000E-01   0.000000000000000E+00
   106      3   6.000000000000000E-01   0.000000000000000E+00
   106      4   6.000000000000000E-01   0.000000000000000E+00
   106      5   6.000000000000000E-01   0.000000000000000E+00
   107      2   6.000000000000000E-01   0.000000000000000E+00
   107      3   6.000000000000000E-01   0.000000000000000E+00
   107      4   6.000000000000000E-01   0.000000000000000E+00
   107      5   6.000000000000000E-01   0.000000000000000E+00
   108      2   6.000000000000000E-01   0.000000000000000E+00
   108      3   6.000000000000000E-01   0.000000000000000E+00
   108      4   6.000000000000000E-01   0.000000000000000E+00
   108      5   6.000000000000000E-01   0.000000000000000E+00
   109      2   6.000000000000000E-01   0.000000000000000E+00
   109      3   6.000000000000000E-01   0.000000000000000E+00
   109      4   6.000000000000000E-01   0.000000000000000E+00
   109      5   6.000000000000000E-01   0.000000000000000E+00
   110      2   6.000000000000000E-01   0.000000000000000E+00
   110      3   6.000000000000000E-01   0.000000000000000E+00
   110      4   6.000000000000000E-01   0.000000000000000E+00
   110      5   6.000000000000000E-01   0.000000000000000E+00
   111      2   6.000000000000000E-01   0.000000000000000E+00
   111      3   6.000000000000000E-01   0.000000000000000E+00
   111      4   6.000000000000000E-01   0.000000000000000E+00
   111      5   6.000000000000000E-01   0.000000000000000E+00
   112      2   6.000000000000000E-01   0.000000000000000E+00
   112      3   6.000000000000000E-01   0.000000000000000E+00
   112      4   6.000000000000000E-01   0.000000000000000E+00
   112      5   6.000000000000000E-01   0.000000000000000E+00
   113      2   6.000000000000000E-01   0.000000000000000E+00
   113      3   6.000000000000000E-01   0.000000000000000E+00
   113      4   6.000000000000000E-01   0.000000000000000E+00
   113      5   6.000000000000000E-01   0.000000000000000E+00
   114      2   6.000000000000000E-01   0.000000000000000E+00
   114      3   6.000000000000000E-01   0.000000000000000E+00
   114      4   6.000000000000000E-01   0.000000000000000E+00
   114      5   6.000000000000000E-01   0.000000000000000E+00
   115      2   6.000000000000000E-01   0.000000000000000E+00
   115      3   6.000000000000000E-01   0.000000000000000E+00
   115      4   6.000000000000000E-01   0.000000000000000E+00
   115      5   6.000000000000000E-01   0.000000000000000E+00
   116      2   6.000000000000000E-01   0.000000000000000E+00
   116      3   6.000000000000000E-01   0.000000000000000E+00
   116      4   6.000000000000000E-01   0.000000000000000E+00
   116      5   6.000000000000000E-01   0.000000000000000E+00
   117      2   6.000000000000000E-01   0.000000000000000E+00
   117      3   6.000000000000000E-01   0.000000000000000E+00
   117      4   6.000000000000000E-01   0.000000000000000E+00
   117      5   6.000000000000000E-01   0.000000000000000E+00
   118      2   6.000000000000000E-01   0.000000000000000E+00
   118      3   6.000000000000000E-01   0.000000000000000E+00
   118      4   6.000000000000000E-01   0.000000000000000E+00
   118      5   6.000000000000000E-01   0.000000000000000E+00
   119      2   6.000000000000000E-01   0.000000000000000E+00
   119      3   6.000000000000000E-01   0.000000000000000E+00
   119      4   6.000000000000000E-01   0.000000000000000E+00
   119      5   6.000000000000000E-01   0.000000000000000E+00
   120      2   6.000000000000000E-01   0.000000000000000E+00
   120      3   6.000000000000000E-01   0.000000000000000E+00
   120      4   6.000000000000000E-01   0.000000000000000E+00
   120      5   6.000000000000000E-01   0.000000000000000E+00
   121      2   6.000000000000000E-01   0.000000000000000E+00
   121      3   6.000000000000000E-01   0.000000000000000E+00
   121      4   6.000000000000000E-01   0.000000000000000E+00
   121      5   6.000000000000000E-01   0.000000000000000E+00
   122      2   6.000000000000000E-01   0.000000000000000E+00
   122      3   6.000000000000000E-01   0.000000000000000E+00
   122      4   6.000000000000000E-01   0.000000000000000E+00
   122      5   6.000000000000000E-01   0.000000000000000E+00
   123      2   6.000000000000000E-01   0.000000000000000E+00
   123      3   6.000000000000000E-01   0.000000000000000E+00
   123      4   6.000000000000000E-01   0.000000000000000E+00
   123      5   6.000000000000000E-01   0.000000000000000E+00
   124      2   6.000000000000000E-01   0.000000000000000E+00
   124      3   6.000000000000000E-01   0.000000000000000E+00
   124      4   6.000000000000000E-01   0.000000000000000E+00
   124      5   6.000000000000000E-01   0.000000000000000E+00
   125      2   6.000000000000000E-01   0.000000000000000E+00
   125      3   6.000000000000000E-01   0.000000000000000E+00
   125      4   6.000000000000000E-01   0.000000000000000E+00
   125      5   6.000000000000000E-01   0.000000000000000E+00
   126      2   6.000000000000000E-01   0.000000000000000E+00
   126      3   6.000000000000000E-01   0.000000000000000E+00
   126      4   6.000000000000000E-01   0.000000000000000E+00
   126      5   6.000000000000000E-01   0.000000000000000E+00
   127      2   6.000000000000000E-01   0.000000000000000E+00
   127      3   6.000000000000000E-01   0.000000000000000E+00
   127      4   6.000000000000000E-01   0.000000000000000E+00
   127      5   6.000000000000000E-01   0.000000000000000E+00
   128      2   6.000000000000000E-01   0.000000000000000E+00
   128      3   6.000000000000000E-01   0.000000000000000E+00
   128      4   6.000000000000000E-01   0.000000000000000E+00
   128      5   6.000000000000000E-01   0.000000000000000E+00
   129      2   6.000000000000000E-01   0.000000000000000E+00
   129      3   6.000000000000000E-01   0.000000000000000E+00
   129      4   6.000000000000000E-01   0.000000000000000E+00
   129      5   6.000000000000000E-01   0.000000000000000E+00
   130      2   6.000000000000000E-01   0.000000000000000E+00
   130      3   6.000000000000000E-01   0.000000000000000E+00
   130      4   6.000000000000000E-01   0.000000000000000E+00
   130      5   6.000000000000000E-01   0.000000000000000E+00
   131      2   6.000000000000000E-01   0.000000000000000E+00
   131      3   6.000000000000000E-01   0.000000000000000E+00
   131      4   6.000000000000000E-01   0.000000000000000E+00
   131      5   6.000000000000000E-01   0.000000000000000E+00
   132      2   6.000000000000000E-01   0.000000000000000E+00
   132      3   6.000000000000000E-01   0.000000000000000E+00
   132      4   6.000000000000000E-01   0.000000000000000E+00
   132      5   6.000000000000000E-01   0.000000000000000E+00
   133      2   6.000000000000000E-01   0.000000000000000E+00
   133      3   6.000000000000000E-01   0.000000000000000E+00
   133      4   6.000000000000000E-01   0.000000000000000E+00
   133      5   6.000000000000000E-01   0.000000000000000E+00
   134      2   6.000000000000000E-01   0.000000000000000E+00
   134      3   6.000000000000000E-01   0.000000000000000E+00
   134      4   6.000000000000000E-01   0.000000000000000E+00
   134      5   6.000000000000000E-01   0.000000000000000E+00
   135      2   6.000000000000000E-01   0.000000000000000E+00
   135      3   6.000000000000000E-01   0.000000000000000E+00
   135      4   6.000000000000000E-01   0.000000000000000E+00
   135      5   6.000000000000000E-01   0.000000000000000E+00
   136      2   6.000000000000000E-01   0.000000000000000E+00
   136      3   6.000000000000000E-01   0.000000000000000E+00
   136      4   6.000000000000000E-01   0.000000000000000E+00
   136      5   6.000000000000000E-01   0.000000000000000E+00
   137      2   6.000000000000000E-01   0.000000000000000E+00
   137      3   6.000000000000000E-01   0.000000000000000E+00
   137      4   6.000000000000000E-01   0.000000000000000E+00
   137      5   6.000000000000000E-01   0.000000000000000E+00
   138      2   6.000000000000000E-01   0.000000000000000E+00
   138      3   6.000000000000000E-01   0.000000000000000E+00
   138      4   6.000000000000000E-01   0.000000000000000E+00
   138      5   6.000000000000000E-01   0.000000000000000E+00
   139      2   6.000000000000000E-01   0.000000000000000E+00
   139      3   6.000000000000000E-01   0.000000000000000E+00
   139      4   6.000000000000000E-01   0.000000000000000E+00
   139      5   6.000000000000000E-01   0.000000000000000E+00
   140      2   6.000000000000000E-01   0.000000000000000E+00
   140      3   6.000000000000000E-01   0.000000000000000E+00
   140      4   6.000000000000000E-01   0.000000000000000E+00
   140      5   6.000000000000000E-01   0.000000000000000E+00
   141      2   6.000000000000000E-01   0.000000000000000E+00
   141      3   6.000000000000000E-01   0.000000000000000E+00
   141      4   6.000000000000000E-01   0.000000000000000E+00
   141      5   6.000000000000000E-01   0.000000000000000E+00
   142      2   6.000000000000000E-01   0.000000000000000E+00
   142      3   6.000000000000000E-01   0.000000000000000E+00
   142      4   6.000000000000000E-01   0.000000000000000E+00
   142      5   6.000000000000000E-01   0.000000000000000E+00
   143      2   6.000000000000000E-01   0.000000000000000E+00
   143      3   6.000000000000000E-01   0.000000000000000E+00
   143      4   6.000000000000000E-01   0.000000000000000E+00
   143      5   6.000000000000000E-01   0.000000000000000E+00
   144      2   6.000000000000000E-01   0.000000000000000E+00
   144      3   6.000000000000000E-01   0.000000000000000E+00
   144      4   6.000000000000000E-01   0.000000000000000E+00
   144      5   6.000000000000000E-01   0.000000000000000E+00
   145      2   6.000000000000000E-01   0.000000000000000E+00
   145      3   6.000000000000000E-01   0.000000000000000E+00
   145      4   6.000000000000000E-01   0.000000000000000E+00
   145      5   6.000000000000000E-01   0.000000000000000E+00
   146      2   6.000000000000000E-01   0.000000000000000E+00
   146      3   6.000000000000000E-01   0.000000000000000E+00
   146      4   6.000000000000000E-01   0.000000000000000E+00
   146      5   6.000000000000000E-01   0.000000000000000E+00
   147      2   6.000000000000000E-01   0.000000000000000E+00
   147      3   6.000000000000000E-01   0.000000000000000E+00
   147      4   6.000000000000000E-01   0.000000000000000E+00
   147      5   6.000000000000000E-01   0.000000000000000E+00
   148      2   6.000000000000000E-01   0.000000000000000E+00
   148      3   6.000000000000000E-01   0.000000000000000E+00
   148      4   6.000000000000000E-01   0.000000000000000E+00
   148      5   6.000000000000000E-01   0.000000000000000E+00
   149      2   6.000000000000000E-01   0.000000000000000E+00
   149      3   6.000000000000000E-01   0.000000000000000E+00
   149      4   6.000000000000000E-01   0.000000000000000E+00
   149      5   6.000000000000000E-01   0.000000000000000E+00
   150      2   6.000000000000000E-01   0.000000000000000E+00
   150      3   6.000000000000000E-01   0.000000000000000E+00
   150      4   6.000000000000000E-01   0.000000000000000E+00
   150      5   6.000000000000000E-01   0.000000000000000E+00
   151      2   6.000000000000000E-01   0.000000000000000E+00
   151      3   6.000000000000000E-01   0.000000000000000E+00
   151      4   6.000000000000000E-01   0.000000000000000E+00
   151      5   6.000000000000000E-01   0.000000000000000E+00
   152      2   6.000000000000000E-01   0.000000000000000E+00
   152      3   6.000000000000000E-01   0.000000000000000E+00
   152      4   6.000000000000000E-01   0.000000000000000E+00
   152      5   6.000000000000000E-01   0.000000000000000E+00
   153      2   6.000000000000000E-01   0.000000000000000E+00
   153      3   6.000000000000000E-01   0.000000000000000E+00
   153      4   6.000000000000000E-01   0.000000000000000E+00
   153      5   6.000000000000000E-01   0.000000000000000E+00
   154      2   6.000000000000000E-01   0.000000000000000E+00
   154      3   6.000000000000000E-01   0.000000000000000E+00
   154      4   6.000000000000000E-01   0.000000000000000E+00
   154      5   6.000000000000000E-01   0.000000000000000E+00
   155      2   6.000000000000000E-01   0.000000000000000E+00
   155      3   6.000000000000000E-01   0.000000000000000E+00
   155      4   6.000000000000000E-01   0.000000000000000E+00
   155      5   6.000000000000000E-01   0.000000000000000E+00
   156      2   6.000000000000000E-01   0.000000000000000E+00
   156      3   6.000000000000000E-01   0.000000000000000E+00
   156      4   6.000000000000000E-01   0.000000000000000E+00
   156      5   6.000000000000000E-01   0.000000000000000E+00
   157      2   6.000000000000000E-01   0.000000000000000E+00
   157      3   6.000000000000000E-01   0.000000000000000E+00
   157      4   6.000000000000000E-01   0.000000000000000E+00
   157      5   6.000000000000000E-01   0.000000000000000E+00
   158      2   6.000000000000000E-01   0.000000000000000E+00
   158      3   6.000000000000000E-01   0.000000000000000E+00
   158      4   6.000000000000000E-01   0.000000000000000E+00
   158      5   6.000000000000000E-01   0.000000000000000E+00
   159      2   6.000000000000000E-01   0.000000000000000E+00
   159      3   6.000000000000000E-01   0.000000000000000E+00
   159      4   6.000000000000000E-01   0.000000000000000E+00
   159      5   6.000000000000000E-01   0.000000000000000E+00
   160      2   6.000000000000000E-01   0.000000000000000E+00
   160      3   6.000000000000000E-01   0.000000000000000E+00
   160      4   6.000000000000000E-01   0.000000000000000E+00
   160      5   6.000000000000000E-01   0.000000000000000E+00
