   1 1  -6.23982489E-01  -3.96256685E-01   5.54809809E-01   3.81854236E-01
   1 2  -7.70000637E-01  -4.96177375E-01   3.22104603E-01   2.39072591E-01
   1 3  -8.30915868E-01  -5.49624860E-01  -8.35166648E-02  -2.27253623E-02
   1 4  -7.47882903E-01  -5.06530166E-01  -3.72036487E-01  -2.13746011E-01
   1 5  -6.01047039E-01  -4.19976056E-01  -5.79891026E-01  -3.55090231E-01
   2 1   5.44974148E-01   6.02881193E-01  -3.69360536E-01  -4.50677603E-01
   2 2   6.29290164E-01   7.08695471E-01  -1.92542240E-01  -2.54307330E-01
   2 3   6.58322513E-01   7.51865387E-01   7.56384048E-04  -3.61851193E-02
   2 4   6.29353881E-01   7.28579819E-01   1.95286676E-01   1.86944693E-01
   2 5   5.43466508E-01   6.40025973E-01   3.73629659E-01   3.94223064E-01
   3 1   2.03108966E-01   3.26517016E-01  -7.20195889E-01  -5.77452481E-01
   3 2   3.84393454E-01   4.69126076E-01  -6.43267989E-01  -4.67299402E-01
   3 3  -5.26068211E-01  -5.67204773E-01   5.33757746E-01   3.41516912E-01
   3 4  -6.42888784E-01  -6.34501100E-01   3.84838015E-01   1.89742103E-01
   3 5  -7.24736571E-01  -6.62509561E-01   1.89238101E-01   5.20678097E-03
   4 1   9.96078700E-02  -3.14323902E-01  -6.47200584E-01   6.87321007E-01
   4 2   2.44553074E-01  -4.62812871E-01  -6.01811588E-01   6.03175759E-01
   4 3   3.47965539E-01  -5.65523267E-01  -5.45959771E-01   5.10912299E-01
   4 4   4.39447850E-01  -6.50413096E-01  -4.75892425E-01   3.96705061E-01
   4 5   5.37978053E-01  -7.23897755E-01  -3.62131059E-01   2.35399142E-01
   5 1  -7.01621532E-01  -6.77662849E-01  -1.44507557E-01  -1.66186422E-01
   5 2  -6.28011525E-01  -5.99166512E-01  -3.43888313E-01  -3.58248562E-01
   5 3  -4.99990582E-01  -4.69111681E-01  -5.11624455E-01  -5.17864943E-01
   5 4  -3.28356266E-01  -2.97730565E-01  -6.35272920E-01  -6.32429540E-01
   5 5  -1.26299039E-01  -9.88599136E-02  -7.03698456E-01  -6.92158818E-01
   6 1  -1.44058049E-01   1.64703995E-01   6.93936288E-01  -6.85982764E-01
   6 2  -3.41392010E-01   3.59653026E-01   6.20615482E-01  -6.07402444E-01
   6 3  -5.07489562E-01   5.21863759E-01   4.93322164E-01  -4.76178497E-01
   6 4   6.29419327E-01  -6.38429880E-01  -3.22990358E-01   3.03176224E-01
   6 5   6.96516097E-01  -6.99484169E-01  -1.22916050E-01   1.02366738E-01
   7 1  -7.60741651E-01   6.18492961E-01  -4.36897129E-02   1.91911295E-01
   7 2  -7.03972399E-01   5.56104660E-01  -2.48529449E-01   3.65244657E-01
   7 3  -6.16597474E-01   4.32945669E-01  -4.21248615E-01   5.04891276E-01
   7 4   4.93259817E-01  -2.70311624E-01   5.67046821E-01  -6.01734519E-01
   7 5   3.13204020E-01  -1.02360837E-01   6.89414024E-01  -6.45084381E-01
   8 1  -2.12321192E-01   1.17607750E-01  -8.68675292E-01   4.31846529E-01
   8 2  -1.16483988E-02  -6.70303870E-03   8.94244730E-01  -4.47376549E-01
   8 3  -2.45789796E-01   1.15642026E-01   8.61389816E-01  -4.29210722E-01
   8 4  -4.85965490E-01   2.37835988E-01   7.53403127E-01  -3.73705000E-01
   8 5  -6.87146306E-01   3.39072406E-01   5.75463057E-01  -2.85835803E-01
   9 1  -1.17184773E-01  -9.61962715E-02   9.63282406E-01  -2.21587658E-01
   9 2  -3.80314052E-01  -3.01283766E-02   8.92513692E-01  -2.40567461E-01
   9 3  -6.04651928E-01   3.61691713E-02   7.58023262E-01  -2.41844445E-01
   9 4  -7.94999421E-01   1.04521796E-01   5.54568648E-01  -2.22496584E-01
   9 5  -9.24349964E-01   1.66939288E-01   2.91397035E-01  -1.81097299E-01
  10 1  -8.20884168E-01   5.16354799E-01  -2.21691594E-01   1.01880521E-01
  10 2  -7.32520103E-01   4.65757877E-01  -4.35784727E-01   2.37856194E-01
  10 3  -5.62162399E-01   3.63697827E-01  -6.43615425E-01   3.70751411E-01
  10 4  -2.83686996E-01   1.99399769E-01  -8.07328939E-01   4.77474034E-01
  10 5   3.30352262E-02   1.64534580E-02  -8.58163178E-01   5.12048900E-01
  11 1  -8.68261531E-02   2.44678065E-01   7.72705376E-01  -5.79241157E-01
  11 2  -3.01278830E-01   3.98729444E-01   7.16486931E-01  -4.86716092E-01
  11 3  -4.81300086E-01   5.14768839E-01   6.09613776E-01  -3.62952262E-01
  11 4  -6.28097057E-01   5.93970418E-01   4.56442207E-01  -2.10603386E-01
  11 5  -7.32571661E-01   6.29645228E-01   2.56643593E-01  -3.19329537E-02
  12 1  -6.60473764E-01   6.14400864E-01  -2.91332752E-01   3.18451256E-01
  12 2  -5.45370042E-01   4.94177371E-01  -4.72097665E-01   4.85267013E-01
  12 3   3.82926494E-01  -3.30955923E-01   6.10967100E-01  -6.08732104E-01
  12 4   1.85711771E-01  -1.37999415E-01   6.96497321E-01  -6.79234028E-01
  12 5  -2.84097455E-02   6.80496991E-02   7.20636070E-01  -6.89380825E-01
  13 1  -5.21174110E-02   7.63608422E-03  -7.40377843E-01  -6.70123935E-01
  13 2  -1.65877208E-01  -1.99489579E-01   7.26449370E-01   6.36364758E-01
  13 3  -3.74886245E-01  -3.78562033E-01   6.44071817E-01   5.48928618E-01
  13 4  -5.48712254E-01  -5.23805439E-01   5.03435433E-01   4.13637072E-01
  13 5  -6.72744095E-01  -6.22549951E-01   3.18712175E-01   2.41391122E-01
  14 1   6.56211674E-01  -6.91811860E-01  -2.95189768E-01  -6.03796318E-02
  14 2   7.59351552E-01  -6.10693872E-01  -6.26070946E-02  -2.15681732E-01
  14 3   7.63111413E-01  -5.03839672E-01   1.75592244E-01  -3.64655793E-01
  14 4   6.93769991E-01  -3.96222115E-01   3.55888546E-01  -4.84803736E-01
  14 5   5.90182126E-01  -2.51180500E-01   5.10993898E-01  -5.72257638E-01
  15 1   3.39436084E-01  -3.86016101E-01  -6.58875763E-01   5.49233496E-01
  15 2  -4.63331938E-01   4.91998047E-01   5.76225996E-01  -4.59592313E-01
  15 3  -5.61091423E-01   5.70750117E-01   4.79571968E-01  -3.59765977E-01
  15 4  -6.52136147E-01   6.36894286E-01   3.44093829E-01  -2.25130230E-01
  15 5  -7.20673084E-01   6.74452543E-01   1.54142365E-01  -4.45462130E-02
  16 1  -4.42067027E-01   4.27869931E-02  -5.94374835E-01  -6.70421183E-01
  16 2  -2.45752171E-01   2.31691167E-01  -7.02631354E-01  -6.26286209E-01
  16 3  -4.93197050E-03   3.72266084E-01  -7.82784879E-01  -4.98639673E-01
  16 4   2.65537083E-01   4.99992132E-01  -7.25654423E-01  -3.91054481E-01
  16 5   4.74198192E-01   5.88950813E-01  -6.09313071E-01  -2.38769054E-01
  17 1  -1.88562587E-01  -1.31458282E-01  -4.90949303E-01  -8.40316474E-01
  17 2  -3.35542150E-02   1.28471568E-01  -5.23547769E-01  -8.41586053E-01
  17 3   1.25119969E-01   3.79635811E-01  -5.06810606E-01  -7.63783157E-01
  17 4   2.68057317E-01   5.91558933E-01  -4.50260937E-01  -6.12754881E-01
  17 5   3.90035957E-01   7.48755753E-01  -3.49028140E-01  -4.06713754E-01
  18 1  -5.66916049E-01   7.71072507E-01  -5.12640849E-02   2.85351515E-01
  18 2   5.34102082E-01  -6.77454710E-01   1.90888748E-01  -4.68349904E-01
  18 3   4.85182047E-01  -5.74931681E-01   2.90390164E-01  -5.91376007E-01
  18 4   4.11392480E-01  -4.55265671E-01   3.79514039E-01  -6.92429483E-01
  18 5   2.78887987E-01  -2.54826576E-01   4.79023039E-01  -7.92352140E-01
  19 1   1.21616758E-01  -1.33611873E-01   4.57455307E-01  -8.70684743E-01
  19 2  -2.55839974E-02   1.43460870E-01   4.72377777E-01  -8.69266212E-01
  19 3  -1.79576233E-01   4.22921032E-01   4.36661422E-01  -7.73444891E-01
  19 4  -3.09543669E-01   6.49090707E-01   3.55170935E-01  -5.97258389E-01
  19 5   4.00327474E-01  -7.96372116E-01  -2.47458145E-01   3.79860312E-01
  20 1   6.34188294E-01   7.58323908E-01  -2.50948910E-02  -1.48729205E-01
  20 2   6.12117946E-01   7.67881989E-01   1.67195514E-01   8.78326818E-02
  20 3   5.28366208E-01   7.01432109E-01   3.50718290E-01   3.25298101E-01
  20 4   3.90442073E-01   5.63168108E-01   4.99131054E-01   5.30344188E-01
  20 5   2.20159054E-01   3.76018524E-01   5.93809545E-01   6.76409900E-01
  21 1  -6.88096702E-01  -7.04610229E-01  -1.19759820E-01  -1.25319645E-01
  21 2  -6.21559680E-01  -6.36043489E-01  -3.17879289E-01  -3.28732461E-01
  21 3  -4.99826670E-01  -5.11233866E-01  -4.86532658E-01  -5.02094865E-01
  21 4  -3.33854139E-01  -3.40851188E-01  -6.12097919E-01  -6.30633116E-01
  21 5  -1.38031349E-01  -1.40300751E-01  -6.83172941E-01  -7.03233898E-01
  22 1  -8.19068372E-01  -3.60538155E-01  -2.82149464E-01  -3.45732540E-01
  22 2  -7.26728201E-01  -2.31990993E-01  -4.88716573E-01  -4.23323214E-01
  22 3  -5.59505403E-01  -1.10052459E-01  -6.75593674E-01  -4.67349291E-01
  22 4  -2.94229746E-01   4.42871153E-02  -8.28837216E-01  -4.73810643E-01
  22 5   2.90332508E-04   2.03394294E-01  -8.72889459E-01  -4.43502605E-01
  23 1   9.42762077E-01  -1.85495138E-01   2.31690884E-01  -1.52022064E-01
  23 2   8.20613980E-01  -1.44514337E-01   5.12425125E-01  -2.07674801E-01
  23 3   6.39783561E-01  -8.74056518E-02   7.23202407E-01  -2.44980901E-01
  23 4   4.03858960E-01  -9.94030200E-03   8.75213504E-01  -2.66083628E-01
  23 5   1.29959345E-01   6.51528165E-02   9.55434620E-01  -2.56925046E-01
  24 1  -4.65129852E-01   8.48452508E-01  -1.07604280E-01   2.28481814E-01
  24 2  -4.12941396E-01   7.42892385E-01  -2.42010638E-01   4.67997044E-01
  24 3  -4.21253085E-01   5.33710897E-01  -3.39205235E-01   6.50106490E-01
  24 4  -4.18396860E-01   3.80291790E-01  -4.22920823E-01   7.08138585E-01
  24 5  -3.15999210E-01   2.66738415E-01  -5.41522861E-01   7.31948197E-01
  25 1  -6.07163191E-01  -7.39283323E-01  -1.16232142E-01  -2.67026722E-01
  25 2  -5.46900928E-01  -6.30443513E-01  -2.86753327E-01  -4.70332742E-01
  25 3  -4.45882410E-01  -4.75629777E-01  -4.26693022E-01  -6.26816094E-01
  25 4   3.13525200E-01   2.86382854E-01   5.31671047E-01   7.32811511E-01
  25 5   1.48315206E-01   6.67289570E-02   5.99797428E-01   7.83449352E-01
  26 1   2.16579795E-01  -2.38878969E-02   6.33220673E-01  -7.42666960E-01
  26 2  -1.70502272E-02   2.14959070E-01   6.79182351E-01  -7.01579213E-01
  26 3  -2.22624689E-01   4.06407803E-01   6.44646406E-01  -6.08031213E-01
  26 4  -3.89450461E-01   5.51853418E-01   5.61536014E-01  -4.77978647E-01
  26 5  -5.36800086E-01   6.65718853E-01   4.22878921E-01  -2.99729049E-01
  27 1  -6.02083430E-02   8.73502120E-02   6.47971809E-01  -7.54239619E-01
  27 2   2.35991433E-01  -2.94037312E-01  -6.03636265E-01   7.02476680E-01
  27 3   3.66778374E-01  -4.50753391E-01  -5.26991129E-01   6.20141506E-01
  27 4   4.56752956E-01  -5.62762916E-01  -4.43109035E-01   5.27569115E-01
  27 5   5.32430530E-01  -6.57915175E-01  -3.41566235E-01   4.08653796E-01
  28 1  -3.01257640E-01   2.76718855E-01   7.42681801E-01  -5.30183375E-01
  28 2  -4.41844732E-01   3.81919533E-01   6.85843885E-01  -4.34199095E-01
  28 3  -5.70197999E-01   4.53192294E-01   5.98486245E-01  -3.33624572E-01
  28 4  -6.80175364E-01   4.99124169E-01   4.82691795E-01  -2.35043228E-01
  28 5  -7.75494814E-01   5.31688631E-01   3.20273787E-01  -1.15498155E-01
  29 1   7.85322726E-01  -5.20313263E-01   1.31567582E-01  -3.08597445E-01
  29 2   7.20527828E-01  -4.17256206E-01   3.47547054E-01  -4.31216925E-01
  29 3   6.59466267E-01  -3.45908374E-01   4.58631605E-01  -4.84880149E-01
  29 4   5.77756584E-01  -2.64917761E-01   5.60858667E-01  -5.30521989E-01
  29 5   3.94786149E-01  -1.11269951E-01   7.04739928E-01  -5.78882217E-01
  30 1   4.90617305E-01   8.70230734E-01   4.44513187E-02   4.16477211E-03
  30 2   4.38060969E-01   8.23046982E-01   1.99834317E-01   3.01268309E-01
  30 3   4.15526509E-01   6.43516362E-01   3.36821258E-01   5.47518015E-01
  30 4   3.58151913E-01   4.58698869E-01   4.47026581E-01   6.79330468E-01
  30 5  -2.40758628E-01  -3.39378893E-01  -5.46831131E-01  -7.26521134E-01
  31 1   5.24371974E-02  -2.00311050E-01  -7.41103828E-01   6.38663471E-01
  31 2   2.55395323E-01  -3.92897755E-01  -6.64056897E-01   5.82608879E-01
  31 3   3.60575974E-01  -5.30013382E-01  -5.58507979E-01   5.26440680E-01
  31 4  -3.99907261E-01   6.18627369E-01   4.98502284E-01  -4.57022846E-01
  31 5  -4.70984787E-01   7.17730582E-01   4.23908681E-01  -2.88682699E-01
  32 1  -1.00104220E-01  -1.91133291E-01   7.38710761E-01   6.38556004E-01
  32 2  -2.97714621E-01  -3.60774487E-01   6.81989610E-01   5.62225997E-01
  32 3  -4.62860525E-01  -4.93951619E-01   5.86609244E-01   4.44591492E-01
  32 4  -6.01976812E-01  -5.92131913E-01   4.47122186E-01   2.95102596E-01
  32 5  -7.06877768E-01  -6.42886281E-01   2.60907024E-01   1.37654185E-01
  33 1   5.77859223E-01  -1.69010833E-01   4.39660072E-01  -6.66493237E-01
  33 2   5.43213725E-01   3.50250185E-01   4.07574356E-01  -6.45078897E-01
  33 3   5.05803108E-01   5.28304636E-01   5.44643760E-01  -4.10390913E-01
  33 4   4.16451305E-01   5.62676787E-01   6.83752656E-01  -2.06023157E-01
  33 5   2.05841452E-01   6.14503086E-01   7.60224283E-01  -4.55445386E-02
  34 1  -8.82162869E-01   5.18309278E-03  -3.83612305E-01   2.73136556E-01
  34 2  -7.79211640E-01  -6.12969138E-02  -5.62633336E-01   2.69287080E-01
  34 3  -5.94140530E-01  -1.43815264E-01  -7.53600419E-01   2.41662443E-01
  34 4  -2.89681494E-01  -2.23986208E-01  -9.14502263E-01   1.72047719E-01
  34 5   4.40482199E-02  -2.69840181E-01  -9.58575964E-01   7.98635408E-02
  35 1  -4.71341796E-02   4.36186083E-02   6.34340227E-01   7.70381868E-01
  35 2  -2.57480711E-01  -2.29966164E-01   5.82750022E-01   7.35677779E-01
  35 3  -4.94792461E-01  -5.54317355E-01   3.78063858E-01   5.52250385E-01
  35 4  -5.90303719E-01  -7.00795412E-01   1.64836332E-01   3.65043044E-01
  35 5  -6.08762503E-01  -7.50584066E-01   5.70157468E-02   2.50561476E-01
  36 1   9.31937024E-02   2.24804312E-01  -2.37114906E-01  -9.40507591E-01
  36 2   1.47901461E-01   4.82102454E-01  -2.04033613E-01  -8.39090466E-01
  36 3   1.83666587E-01   6.53511107E-01  -1.68140903E-01  -7.14785635E-01
  36 4  -2.13652030E-01  -7.96425402E-01   1.24414273E-01   5.51888168E-01
  36 5  -2.37631768E-01  -9.14133608E-01   6.37253001E-02   3.22226763E-01
  37 1  -8.17001581E-01   2.95065939E-01  -4.75401580E-01   1.39419809E-01
  37 2  -7.70795286E-01   3.24771702E-01  -5.22005439E-01   1.67058095E-01
  37 3  -7.14298487E-01   3.19765240E-01  -5.84413350E-01   2.14450285E-01
  37 4  -4.94788587E-01   2.48247489E-01  -7.67406106E-01   3.23489249E-01
  37 5  -2.61965811E-01   1.37436762E-01  -8.72676849E-01   3.88484538E-01
  38 1   4.13808785E-02   4.03952062E-01  -2.18349606E-01  -8.87374699E-01
  38 2   1.02397934E-01   6.39747679E-01  -2.09141776E-01  -7.32459784E-01
  38 3   1.54677600E-01   7.83698678E-01  -1.21698119E-01  -5.89135706E-01
  38 4   1.53036788E-01   8.92717063E-01  -8.97785202E-02  -4.14217144E-01
  38 5   1.57376796E-01   9.70677316E-01  -5.51459566E-02  -1.73139051E-01
  39 1   4.35730636E-01  -5.65362871E-01  -5.29877365E-01   4.57966924E-01
  39 2   5.64496696E-01  -6.74354017E-01  -3.98524195E-01   2.60324061E-01
  39 3   6.77430451E-01  -7.22498477E-01  -9.54375118E-02  -9.98781472E-02
  39 4   6.41031563E-01  -6.41910493E-01   1.74242035E-01  -3.82974297E-01
  39 5   5.99097610E-01  -4.89376217E-01   3.27412486E-01  -5.42580962E-01
  40 1   3.37708861E-01  -2.44009554E-01  -9.07145679E-01  -5.91506474E-02
  40 2   5.80517948E-01  -2.15143904E-01  -7.75239408E-01  -1.25362590E-01
  40 3   7.47332931E-01  -1.81369677E-01  -6.21777236E-01  -1.48296058E-01
  40 4   8.84434402E-01  -1.45745531E-01  -3.99493039E-01  -1.92196280E-01
  40 5   9.62199986E-01  -8.78895894E-02  -1.15452759E-01  -2.30472177E-01
  41 1   3.21189195E-01   3.44378531E-01  -7.77629912E-01  -4.16572601E-01
  41 2   5.32021523E-01   4.49384749E-01  -6.37867212E-01  -3.28834206E-01
  41 3   6.54530168E-01   5.06154597E-01  -4.99580383E-01  -2.56549031E-01
  41 4   7.59743869E-01   5.63924134E-01  -2.99158275E-01  -1.23625390E-01
  41 5   7.88903892E-01   6.04250431E-01  -1.07159987E-01   3.20758559E-02
  42 1   8.62176180E-01  -4.38120693E-01   2.12891385E-01  -1.39211535E-01
  42 2   7.68554688E-01  -3.83654833E-01   4.43211913E-01  -2.56312251E-01
  42 3   6.19055092E-01  -3.00668269E-01   6.34532928E-01  -3.51763219E-01
  42 4   3.88715446E-01  -1.81609035E-01   7.95552194E-01  -4.27802801E-01
  42 5  -1.02642499E-01   2.59407926E-02  -8.75665724E-01   4.71169859E-01
  43 1  -6.20874763E-02   3.64658773E-01   3.40975285E-01  -8.64236712E-01
  43 2  -1.81975082E-01   6.66916072E-01   2.66859442E-01  -6.71486497E-01
  43 3  -2.29662359E-01   7.80592263E-01   2.08462313E-01  -5.42654991E-01
  43 4  -2.44727418E-01   8.38153422E-01   1.71408013E-01  -4.56318676E-01
  43 5  -2.68552959E-01   9.00908053E-01   1.24087974E-01  -3.17563087E-01
  44 1   2.82351345E-01  -4.27879989E-01  -8.11001122E-01   2.81910896E-01
  44 2   5.13151288E-01  -4.90290731E-01  -6.93670511E-01   1.22930653E-01
  44 3   7.07457840E-01  -4.99195665E-01  -4.96476680E-01  -6.17910773E-02
  44 4  -8.35244238E-01   4.41278934E-01   2.55935460E-01   2.05273062E-01
  44 5  -8.73838484E-01   3.61082345E-01  -1.64029351E-03   3.25612128E-01
  45 1   7.11518154E-03  -1.59401178E-01  -6.20849311E-01   7.67519951E-01
  45 2   1.74066216E-01  -3.64418983E-01  -5.91309965E-01   6.98034585E-01
  45 3   3.05069596E-01  -5.22069097E-01  -5.24512112E-01   5.99386036E-01
  45 4   4.17384535E-01  -6.54398024E-01  -4.31110412E-01   4.60105777E-01
  45 5   5.20662844E-01  -7.62840390E-01  -2.93083906E-01   2.47157171E-01
  46 1  -5.65463841E-01   4.89132926E-02  -7.54768789E-01   3.28910768E-01
  46 2  -3.12634498E-01  -4.12232466E-02  -8.91070604E-01   3.26425463E-01
  46 3  -3.56773846E-02  -1.05235003E-01  -9.52187002E-01   2.84592301E-01
  46 4   2.76147097E-01  -1.85055062E-01  -9.06211376E-01   2.61301368E-01
  46 5  -5.42658746E-01   2.53466100E-01   7.75613010E-01  -1.99250787E-01
  47 1  -7.34579802E-01  -6.44266605E-01  -5.76133914E-02  -2.04923987E-01
  47 2  -6.91132486E-01  -5.51318109E-01  -2.61512756E-01  -3.87292266E-01
  47 3  -6.12238348E-01  -4.43400264E-01  -4.11775589E-01  -5.08921742E-01
  47 4  -4.95669663E-01  -3.31127882E-01  -5.45250118E-01  -5.89379549E-01
  47 5  -3.38894099E-01  -1.59892648E-01  -6.56697690E-01  -6.54471755E-01
  48 1  -6.81877792E-01   7.25375295E-01   9.41098854E-02   4.08839667E-03
  48 2  -6.90549672E-01   6.87602639E-01  -1.03270233E-01   1.99196175E-01
  48 3  -6.22511566E-01   5.91782272E-01  -3.15160841E-01   4.03666675E-01
  48 4  -4.96507674E-01   4.10857141E-01  -5.22400677E-01   5.58367372E-01
  48 5  -3.08251292E-01   2.39366412E-01  -6.65494204E-01   6.36240780E-01
  49 1   6.61826670E-01   6.45197749E-01   2.94870257E-01   2.42398188E-01
  49 2   5.80062389E-01   5.15495956E-01   4.90576029E-01   3.96392226E-01
  49 3  -4.13425267E-01  -3.46994907E-01  -6.64080322E-01  -5.17369807E-01
  49 4  -1.53592184E-01  -1.46664962E-01  -7.83042192E-01  -5.84588647E-01
  49 5   1.72849342E-01   6.20006770E-02  -8.06545377E-01  -5.61928511E-01
  50 1  -1.86330244E-01  -4.05550122E-01   6.80957615E-01   5.80609083E-01
  50 2  -3.45305026E-01  -5.26642084E-01   6.22051299E-01   4.65257794E-01
  50 3  -4.32779193E-01  -5.82858920E-01   5.83292603E-01   3.64345223E-01
  50 4   5.37227154E-01   6.15438998E-01  -5.04468620E-01  -2.79523611E-01
  50 5   6.52133882E-01   6.60059512E-01  -3.53272885E-01  -1.19336180E-01
  51 1   9.09741759E-01  -3.81947488E-01   1.27865029E-02  -1.62242547E-01
  51 2  -8.34547698E-01   3.60464782E-01  -2.84665704E-01   3.04238081E-01
  51 3  -7.05315590E-01   2.99857855E-01  -4.83906418E-01   4.22433138E-01
  51 4  -5.69216430E-01   1.85395345E-01  -6.18490458E-01   5.09009778E-01
  51 5  -4.28388953E-01   1.61557347E-02  -7.08656669E-01   5.60381651E-01
  52 1   4.21710610E-01   5.05358338E-01   4.38472152E-01   6.11976683E-01
  52 2   2.73748249E-01   2.97024101E-01   5.43814659E-01   7.35597908E-01
  52 3   9.30861458E-02  -3.34704965E-02   5.78193903E-01   8.09880614E-01
  52 4  -1.41948044E-01  -3.42093140E-01   5.90065718E-01   7.17388034E-01
  52 5  -3.12196940E-01  -5.42574584E-01   5.21263778E-01   5.80025852E-01
  53 1  -1.13089122E-01   1.41894281E-01   8.02961528E-01  -5.67740798E-01
  53 2  -3.20878685E-01   2.88659751E-01   7.42371440E-01  -5.12442291E-01
  53 3  -4.68134016E-01   3.89347136E-01   6.63027167E-01  -4.35493290E-01
  53 4  -5.41533649E-01   4.35372323E-01   6.21109426E-01  -3.62512678E-01
  53 5  -6.78644001E-01   4.83756632E-01   4.55773592E-01  -3.12557638E-01
  54 1  -7.39105761E-01   5.81700265E-01  -3.04931223E-01   1.49547905E-01
  54 2  -6.21108174E-01   5.10256886E-01  -5.06904066E-01   3.11305046E-01
  54 3  -4.51513529E-01   3.89319837E-01  -6.67281330E-01   4.46431696E-01
  54 4  -1.95014954E-01   2.05062598E-01  -7.84232974E-01   5.52174926E-01
  54 5   6.82725534E-02   1.69424657E-02  -8.05471838E-01   5.88444591E-01
  55 1   5.94765320E-02  -2.22465441E-01  -7.49374568E-01  -6.20813608E-01
  55 2   2.79504806E-01  -2.71818787E-02  -6.97718382E-01  -6.59035146E-01
  55 3   4.80392486E-01   1.77832872E-01  -5.77556670E-01  -6.35631144E-01
  55 4   6.38002336E-01   3.69854271E-01  -3.95947367E-01  -5.47162354E-01
  55 5  -7.28387892E-01  -5.20183921E-01   1.80543497E-01   4.07754719E-01
  56 1  -4.76039648E-02   9.90692079E-02  -5.97714067E-01  -7.94139266E-01
  56 2  -1.27911240E-01  -3.24146926E-01   5.86396575E-01   7.31236339E-01
  56 3  -2.62181044E-01  -4.83316451E-01   5.39269984E-01   6.37851298E-01
  56 4  -3.58301491E-01  -5.92897713E-01   4.77877855E-01   5.40115952E-01
  56 5  -4.48491454E-01  -6.91124856E-01   3.88220251E-01   4.12900627E-01
  57 1  -9.24960315E-01   1.50924809E-02  -3.11498404E-01   2.17231423E-01
  57 2  -8.45577180E-01   3.44763063E-02  -4.78343010E-01   2.34517917E-01
  57 3  -7.71061599E-01   9.04998183E-02  -5.65567434E-01   2.78221875E-01
  57 4   6.81665957E-01  -3.24672423E-02   6.46441936E-01  -3.41160268E-01
  57 5   4.88199294E-01   7.91497603E-02   7.90448785E-01  -3.61369103E-01
  58 1  -2.51794845E-01   5.31384274E-02   8.77004683E-01  -4.05756682E-01
  58 2  -5.12285829E-01   1.76361799E-01   7.55476415E-01  -3.68395537E-01
  58 3  -7.55815566E-01   3.00428391E-01   5.11477113E-01  -2.77266830E-01
  58 4  -9.01544392E-01   3.87741148E-01   1.43110991E-01  -1.28038749E-01
  58 5  -8.88913989E-01   4.02962029E-01  -2.16351554E-01   2.54090484E-02
  59 1   3.31294328E-01   3.29891682E-01  -8.17888558E-01  -3.35371345E-01
  59 2   5.39821863E-01   4.17364031E-01  -6.87737167E-01  -2.47825131E-01
  59 3   7.61014581E-01   4.85649854E-01  -4.17594552E-01  -1.03033498E-01
  59 4   8.52324605E-01   4.55016255E-01   1.50453866E-01   2.09443867E-01
  59 5   7.29043424E-01   3.59390527E-01   4.60826308E-01   3.56333256E-01
  60 1  -5.99656224E-01  -7.67108083E-01   1.80102751E-01   1.39716551E-01
  60 2   6.26899362E-01   7.72687137E-01   1.11895008E-02   9.91292223E-02
  60 3   5.90368867E-01   7.07087755E-01   2.02013239E-01   3.32689345E-01
  60 4   5.08391976E-01   5.76811075E-01   3.62767369E-01   5.26523113E-01
  60 5   3.80343020E-01   3.96454006E-01   4.94544983E-01   6.73489928E-01
  61 1  -5.43200850E-01   6.71424687E-01  -1.97768360E-01   4.63691115E-01
  61 2  -5.11935472E-01   5.58840871E-01  -3.03767502E-01   5.77359796E-01
  61 3   5.37416101E-01  -4.78678286E-01   3.39063793E-01  -6.05876982E-01
  61 4   5.43449521E-01  -3.73637795E-01   4.09708381E-01  -6.30235255E-01
  61 5   3.97106737E-01  -2.13111669E-01   5.71778059E-01  -6.85536027E-01
  62 1  -7.15134680E-01  -6.76402807E-01  -1.31494492E-01  -1.17349319E-01
  62 2  -6.44401908E-01  -6.11949086E-01  -3.36047947E-01  -3.11987787E-01
  62 3  -5.16397178E-01  -4.92680848E-01  -5.10721922E-01  -4.79335606E-01
  62 4  -3.41306090E-01  -3.28714460E-01  -6.40743792E-01  -6.04073167E-01
  62 5   1.35503009E-01   1.35468453E-01   7.12984145E-01   6.74493074E-01
  63 1  -2.26267084E-01   1.98448524E-01   6.78920209E-01  -6.69693053E-01
  63 2  -4.17191416E-01   3.88737321E-01   5.80835640E-01  -5.80917120E-01
  63 3  -5.71631730E-01   5.44857204E-01   4.29119140E-01  -4.38434243E-01
  63 4  -6.73610747E-01   6.51263893E-01   2.37865418E-01  -2.55976468E-01
  63 5   7.13899434E-01  -6.97846949E-01  -2.67235842E-02   5.14114238E-02
  64 1   1.99647382E-01   1.12225950E-01   5.62397897E-01   7.94515491E-01
  64 2   2.27229036E-02  -1.54075012E-01   5.84809363E-01   7.96079576E-01
  64 3  -1.77576348E-01  -4.36304897E-01   5.45963824E-01   6.92840636E-01
  64 4  -3.33635330E-01  -6.33238256E-01   4.65804666E-01   5.20310402E-01
  64 5  -4.57288176E-01  -7.60277331E-01   3.44222516E-01   3.07208210E-01
  65 1  -8.59173313E-02   2.11196244E-01   7.50306010E-01  -6.20528281E-01
  65 2  -2.92985380E-01   3.63553286E-01   7.15132058E-01  -5.20168006E-01
  65 3  -4.55118954E-01   4.66311574E-01   6.58196211E-01  -3.77091676E-01
  65 4  -6.05858207E-01   5.25065482E-01   5.46112239E-01  -2.42906421E-01
  65 5  -7.43990481E-01   5.51925659E-01   3.59774202E-01  -1.11440204E-01
  66 1  -6.56770349E-01   5.39920509E-01   4.05693531E-01  -3.35486621E-01
  66 2  -7.47631431E-01   6.15273356E-01   1.91729471E-01  -1.60392642E-01
  66 3  -7.71232843E-01   6.34745657E-01  -3.86202410E-02   2.83976775E-02
  66 4   7.26619124E-01  -5.98299384E-01   2.62798667E-01  -2.12130666E-01
  66 5   6.18163168E-01  -5.09524465E-01   4.64375943E-01  -3.77642870E-01
  67 1  -6.09682083E-01   7.63577938E-01  -1.16596051E-01   1.77881733E-01
  67 2  -5.47547221E-01   6.76776171E-01  -2.91604728E-01   3.96399796E-01
  67 3  -4.37996447E-01   5.31815112E-01  -4.38343525E-01   5.77223361E-01
  67 4  -2.92785555E-01   3.43413264E-01  -5.45745969E-01   7.06049144E-01
  67 5   1.20815530E-01  -1.23745859E-01   6.07187271E-01  -7.75509000E-01
  68 1  -3.05584550E-01   2.55409151E-01  -7.52905130E-01   5.23944855E-01
  68 2  -7.14265630E-02   8.99777934E-02  -8.09523642E-01   5.75737655E-01
  68 3   1.62927195E-01  -7.75928497E-02  -7.96497762E-01   5.77083588E-01
  68 4  -3.80973428E-01   2.36594558E-01   7.18691409E-01  -5.31380296E-01
  68 5  -5.72589934E-01   3.79638642E-01   5.78319907E-01  -4.39956218E-01
  69 1  -7.02775002E-01   6.43633902E-01  -1.60994083E-01   2.56755918E-01
  69 2  -6.27536893E-01   5.43892324E-01  -3.54186714E-01   4.30035412E-01
  69 3  -5.09403110E-01   4.07163173E-01  -5.10392845E-01   5.60558438E-01
  69 4  -3.52443159E-01   2.41454512E-01  -6.28834724E-01   6.49654090E-01
  69 5  -1.51156574E-01   4.45391834E-02  -7.06232250E-01   6.90220296E-01
  70 1  -4.06613111E-01   5.75461924E-01   3.43804210E-01  -6.20731950E-01
  70 2  -4.86629933E-01   7.30607986E-01   2.21770212E-01  -4.24524635E-01
  70 3  -5.28347790E-01   8.30213606E-01   7.25054145E-02  -1.62286922E-01
  70 4  -5.19731522E-01   8.17589700E-01  -1.49800301E-01   1.97449148E-01
  70 5   4.07528520E-01  -6.36343002E-01   3.55677962E-01  -5.49983144E-01
  71 1  -6.99709117E-01   4.10621256E-01   4.61636871E-01  -3.58732343E-01
  71 2  -7.99811542E-01   5.08419573E-01   2.43291363E-01  -2.06447020E-01
  71 3  -8.36055994E-01   5.47073543E-01   3.69785097E-03  -4.13195901E-02
  71 4  -8.08131278E-01   5.27388990E-01  -2.34536588E-01   1.17376968E-01
  71 5  -6.96508884E-01   4.57056165E-01  -4.77480829E-01   2.79261827E-01
  72 1   6.76007688E-01   1.44929364E-01  -2.56920218E-01   6.75278604E-01
  72 2   7.34621465E-01  -8.00771862E-02  -4.94313873E-02   6.71919346E-01
  72 3   7.21398234E-01  -3.39390874E-01   1.87728301E-01   5.73721707E-01
  72 4   6.12692237E-01  -5.41004002E-01   4.27821219E-01   3.85865301E-01
  72 5   4.59884375E-01  -6.21511996E-01   6.07676685E-01   1.81544214E-01
  73 1  -4.06787395E-01  -3.42877150E-01   7.08558977E-01   4.63576823E-01
  73 2  -5.94256222E-01  -4.62570846E-01   5.57678699E-01   3.49116474E-01
  73 3  -7.31241941E-01  -5.44442713E-01   3.55144769E-01   2.06735671E-01
  73 4  -8.06132197E-01  -5.83079934E-01   9.74533111E-02   2.59147305E-02
  73 5   7.78864384E-01   5.54354489E-01   2.14757577E-01   1.99851558E-01
  74 1  -5.29272676E-01  -5.47873914E-01  -6.70924485E-02   6.44362688E-01
  74 2  -4.89828855E-01  -7.07417846E-01  -2.07302839E-01   4.65460300E-01
  74 3  -4.29702193E-01  -7.91753173E-01  -3.92379045E-01   1.85800225E-01
  74 4  -1.66562840E-01  -7.86342204E-01  -5.46151876E-01  -2.35883325E-01
  74 5   8.92479569E-02  -5.96344590E-01  -5.59536338E-01  -5.68618655E-01
  75 1  -7.01809585E-01  -5.38173616E-01  -3.39290708E-01  -3.20490718E-01
  75 2  -6.78596079E-01  -4.71433580E-01  -4.14720386E-01  -3.81136239E-01
  75 3  -6.79800987E-01  -4.44246620E-01  -4.38417047E-01  -3.85105461E-01
  75 4  -6.49025023E-01  -4.05804247E-01  -4.99068111E-01  -4.06227201E-01
  75 5  -4.88664061E-01  -3.16366225E-01  -6.52802110E-01  -4.84736294E-01
  76 1   5.08813143E-01  -8.02707970E-01   1.39291689E-01  -2.78149337E-01
  76 2   4.29469913E-01  -6.78323507E-01   2.91124970E-01  -5.20268321E-01
  76 3   3.04150283E-01  -5.83527446E-01   3.74068499E-01  -6.53499126E-01
  76 4   3.06457371E-01  -4.59087282E-01   3.75615567E-01  -7.44470179E-01
  76 5   2.31175199E-01  -3.08033705E-01   4.51370150E-01  -8.04946184E-01
  77 1  -8.66395056E-01   2.43217982E-02  -4.98593748E-01   1.31255193E-02
  77 2  -7.82612264E-01  -1.61896588E-03  -6.22307003E-01   1.57958940E-02
  77 3  -6.50175750E-01  -5.10885455E-02  -7.57983744E-01   1.10513866E-02
  77 4  -2.03263834E-01   2.87892204E-02  -9.76630628E-01  -6.36210516E-02
  77 5   2.00093463E-01   5.85297868E-02  -9.75066841E-01  -7.60371089E-02
  78 1   3.61209214E-01   3.42170656E-01  -6.40979052E-01  -5.84459722E-01
  78 2   4.35542792E-01   3.81624967E-01  -6.41950905E-01  -5.02557397E-01
  78 3   5.00396013E-01   3.85073304E-01  -6.30088866E-01  -4.52007115E-01
  78 4   6.07776761E-01   4.19339180E-01  -5.42342663E-01  -4.00782526E-01
  78 5   7.70931005E-01   5.11682034E-01  -2.87957579E-01  -2.46834710E-01
  79 1   1.03593310E-02   1.36078537E-01  -4.69554067E-01  -8.72292578E-01
  79 2   1.38505593E-01   3.70623410E-01  -4.47540730E-01  -8.01973760E-01
  79 3   2.45642632E-01   5.60190916E-01  -3.97581965E-01  -6.83940351E-01
  79 4   3.35335135E-01   7.12027133E-01  -3.24990213E-01  -5.24355888E-01
  79 5   4.08686221E-01   8.25819910E-01  -2.26362228E-01  -3.15843850E-01
  80 1   2.33364329E-01   9.65611577E-01  -2.41676997E-02   1.12033181E-01
  80 2   2.49479532E-01   8.82672429E-01   3.97592783E-02   3.96318793E-01
  80 3   2.13019371E-01   7.19267249E-01   1.09876752E-01   6.52077079E-01
  80 4   1.46485016E-01   5.41869402E-01   1.56744108E-01   8.12619925E-01
  80 5   8.67482200E-02   2.88979262E-01   1.75887316E-01   9.37032282E-01
  81 1   6.84328258E-01   6.45021021E-01   2.80770212E-01   1.91861749E-01
  81 2   5.55733144E-01   5.35287440E-01   4.98753250E-01   3.94807935E-01
  81 3  -4.65573967E-01  -3.52202535E-01  -6.22830391E-01  -5.20842314E-01
  81 4  -2.92218119E-01  -1.70713365E-01  -7.43511438E-01  -5.76763630E-01
  81 5   4.13652230E-03   5.28385565E-02  -8.11059356E-01  -5.82557976E-01
  82 1   3.57722431E-01  -6.99499905E-01  -4.92620796E-01   3.74244958E-01
  82 2   4.71667826E-01  -7.85136759E-01  -3.91468465E-01   8.85566473E-02
  82 3   5.71692109E-01  -7.52456903E-01  -2.04638109E-01  -2.55147278E-01
  82 4   6.11323357E-01  -6.28709555E-01  -6.04185183E-03  -4.80595171E-01
  82 5  -5.77174425E-01   4.51525301E-01  -1.88475847E-01   6.53813004E-01
  83 1  -7.33174682E-01  -6.62024319E-01   1.52922824E-01  -2.81664729E-02
  83 2  -7.51558959E-01  -6.15506589E-01  -8.24242905E-02  -2.22524360E-01
  83 3  -7.05470204E-01  -5.24292111E-01  -2.91556716E-01  -3.77391487E-01
  83 4  -5.73104501E-01  -3.89480144E-01  -5.03278255E-01  -5.16301751E-01
  83 5  -4.02043849E-01  -2.28287965E-01  -6.49179161E-01  -6.03996634E-01
  84 1   4.06990945E-01  -4.67056245E-01  -6.34703159E-01   4.61918652E-01
  84 2   4.82078671E-01  -5.22321224E-01  -5.43261230E-01   4.46819991E-01
  84 3   5.91297925E-01  -6.33140206E-01  -3.85900944E-01   3.17144841E-01
  84 4   6.69978499E-01  -7.21530318E-01  -1.63322464E-01   6.20377474E-02
  84 5   6.89624131E-01  -7.06134140E-01   4.39042412E-02  -1.54485106E-01
  85 1   6.67198837E-01  -4.31679636E-01   5.10556817E-01  -3.28375012E-01
  85 2   4.74292934E-01  -3.07864070E-01   6.93175733E-01  -4.46960181E-01
  85 3   2.09926143E-01  -1.38418972E-01   8.13201904E-01  -5.24856091E-01
  85 4  -8.12578425E-02   4.83036339E-02   8.36537421E-01  -5.39693534E-01
  85 5  -3.40116113E-01   2.14220822E-01   7.69426405E-01  -4.96400625E-01
  86 1   7.54126966E-01   4.39345628E-01   2.74904251E-01   4.03355509E-01
  86 2   6.58227146E-01   2.89145887E-01   4.74339664E-01   5.08068562E-01
  86 3   4.97455180E-01   7.98293650E-02   6.48981512E-01   5.70077717E-01
  86 4   2.68076211E-01  -1.21351123E-01   7.82989800E-01   5.48029184E-01
  86 5  -2.61409394E-02  -3.11675966E-01   8.32574129E-01   4.57159758E-01
  87 1  -6.37198746E-01   7.30657756E-01  -1.27866849E-01   2.09205925E-01
  87 2  -5.72956741E-01   6.49413705E-01  -2.95400411E-01   4.03387070E-01
  87 3  -4.67028558E-01   5.17815530E-01  -4.36724067E-01   5.68351507E-01
  87 4  -3.02870363E-01   3.07163239E-01  -5.56926310E-01   7.09755957E-01
  87 5  -1.32454351E-01   9.61965248E-02  -6.21505916E-01   7.66115248E-01
  88 1   3.68237942E-01   1.54130340E-01   1.83832392E-01  -8.98248494E-01
  88 2  -2.96064079E-01  -4.17033821E-01  -2.85912126E-01   8.10359895E-01
  88 3  -1.98350921E-01  -6.38519824E-01  -3.59755605E-01   6.50788248E-01
  88 4  -8.83609876E-02  -7.97088504E-01  -4.00526226E-01   4.43194181E-01
  88 5   2.95382515E-02  -8.90690625E-01  -4.08422679E-01   1.97455689E-01
  89 1   8.62321079E-01  -5.02856672E-01  -5.52951396E-02  -2.19113063E-02
  89 2   8.43044460E-01  -4.76547241E-01   1.88920826E-01  -1.62750885E-01
  89 3   7.64230788E-01  -4.17631775E-01   4.02286470E-01  -2.82313079E-01
  89 4   6.30947649E-01  -3.28586578E-01   5.89390099E-01  -3.82825375E-01
  89 5   4.37252969E-01  -2.06751809E-01   7.44140685E-01  -4.60780025E-01
  90 1  -5.01835048E-01  -5.72786748E-01   5.51906407E-01   3.39817882E-01
  90 2  -6.43602133E-01  -6.48239732E-01   3.76655400E-01   1.53923362E-01
  90 3  -7.27940440E-01  -6.64273202E-01   1.62233219E-01  -5.02416231E-02
  90 4  -7.43136168E-01  -6.17203653E-01  -6.74912781E-02  -2.49506280E-01
  90 5  -6.89567864E-01  -5.14485121E-01  -2.86263496E-01  -4.21728015E-01
  91 1   3.67686123E-01  -3.93291026E-01  -6.87639952E-01   4.87114340E-01
  91 2   4.99402791E-01  -4.75884348E-01  -5.95448494E-01   4.11791325E-01
  91 3   5.99945307E-01  -5.44627845E-01  -4.93128508E-01   3.16655129E-01
  91 4   7.05631375E-01  -6.07854962E-01  -3.22841555E-01   1.68434262E-01
  91 5   7.70575166E-01  -6.29561484E-01  -9.77431610E-02  -1.76771153E-02
  92 1   2.72555709E-01  -2.06342638E-01  -9.32246804E-01  -1.18541300E-01
  92 2   4.20206994E-01  -1.51325852E-01  -8.52433681E-01  -2.71814823E-01
  92 3   5.91772676E-01  -7.25178272E-02  -7.58744419E-01  -2.62399167E-01
  92 4   7.45942235E-01  -1.10627059E-02  -6.12537384E-01  -2.61238903E-01
  92 5  -8.81500185E-01  -5.42356931E-02   3.90879124E-01   2.59286761E-01
  93 1  -6.80790916E-02   5.19359469E-01   7.52109885E-02  -8.48513067E-01
  93 2  -8.64157081E-02   7.34119296E-01   5.74721098E-02  -6.71042562E-01
  93 3  -9.69450548E-02   8.88644576E-01   4.60371599E-02  -4.45862293E-01
  93 4  -9.79232192E-02   9.91758585E-01   2.92326920E-02  -7.72754252E-02
  93 5  -2.45380234E-02   9.85721290E-01   4.92834970E-02   1.59130782E-01
  94 1   5.24671793E-01   8.33372235E-01   8.91142264E-02   1.49227947E-01
  94 2   4.79023337E-01   7.60582864E-01   2.29643926E-01   3.73247981E-01
  94 3   4.12417024E-01   6.60917938E-01   3.29221308E-01   5.33585131E-01
  94 4   3.50634933E-01   5.63849688E-01   3.89749140E-01   6.38141274E-01
  94 5  -2.62289912E-01  -4.39294934E-01  -4.48126286E-01  -7.33080387E-01
  95 1  -7.93395400E-01  -6.08207285E-01   1.59638631E-03   2.45991293E-02
  95 2   7.58298635E-01   5.89039087E-01   2.31591746E-01   1.56145722E-01
  95 3   6.55241013E-01   5.18665314E-01   4.43133146E-01   3.24466527E-01
  95 4   5.03895223E-01   4.04164672E-01   6.09289229E-01   4.59899157E-01
  95 5   3.04485887E-01   2.52915978E-01   7.29379594E-01   5.57967186E-01
  96 1   6.66076422E-01  -6.51633739E-01   1.29233778E-01  -3.39137495E-01
  96 2   6.07172370E-01  -5.50893843E-01   2.91524202E-01  -4.92819965E-01
  96 3   5.45214176E-01  -4.86172557E-01   3.73676062E-01  -5.71615338E-01
  96 4   4.55022156E-01  -4.78547961E-01   4.21920925E-01  -6.21232271E-01
  96 5   3.96856725E-01  -3.39387953E-01   4.58132952E-01  -7.19329417E-01
  97 1  -3.25279474E-01   3.72440100E-01   6.61128283E-01  -5.64261496E-01
  97 2  -4.52574104E-01   4.76824403E-01   5.70646644E-01  -4.92115468E-01
  97 3  -5.42336106E-01   5.53786635E-01   4.64344710E-01  -4.28457767E-01
  97 4  -6.25213444E-01   6.50607228E-01   3.24651480E-01  -2.83584177E-01
  97 5  -6.88195527E-01   7.09482491E-01   1.28080398E-01  -8.13451484E-02
  98 1  -5.91465354E-01   6.61983430E-01   2.95254916E-01  -3.53229851E-01
  98 2  -6.52561963E-01   7.37042189E-01   1.06588803E-01  -1.39894918E-01
  98 3  -6.53647780E-01   7.45260000E-01  -9.54080671E-02   9.07162577E-02
  98 4  -5.91846883E-01   6.82738841E-01  -2.89787889E-01   3.15607280E-01
  98 5   4.77298111E-01  -5.55792332E-01   4.53649521E-01  -5.07428467E-01
  99 1   2.32771076E-02  -8.32679629E-01   2.19169781E-01   5.08003414E-01
  99 2  -4.37463224E-02  -9.52537596E-01   2.39424109E-01   1.82851300E-01
  99 3  -1.35180250E-01  -9.10390615E-01   2.26577997E-01  -3.18712503E-01
  99 4   2.21176922E-01   6.72979891E-01  -1.68488681E-01   6.85412645E-01
  99 5   2.66651124E-01   4.32127833E-01  -1.04156800E-01   8.55169058E-01
 100 1   8.68252516E-01   7.02155754E-02   4.40026999E-01  -2.18136638E-01
 100 2   6.08155072E-01   1.13751419E-01   7.67225504E-01  -1.69036120E-01
 100 3   9.30238664E-02   1.90595701E-01   9.72569346E-01  -9.55442935E-02
 100 4  -4.22367752E-01   2.35063523E-01   8.75121355E-01  -2.26572100E-02
 100 5  -7.00861037E-01   2.26044700E-01   6.74104989E-01   5.72732016E-02
 101 1   7.33309031E-01   5.61721444E-01   1.86133951E-01   3.34785163E-01
 101 2   6.60953164E-01   4.49020267E-01   3.76355290E-01   4.68912035E-01
 101 3   5.62804520E-01   3.52695644E-01   5.07298112E-01   5.49095154E-01
 101 4   4.37366098E-01   2.41691679E-01   6.14049435E-01   6.10933244E-01
 101 5   2.33817294E-01   6.09919652E-02   7.14038849E-01   6.57082975E-01
 102 1  -3.76191467E-01   1.10888086E-01   8.68759096E-01  -3.02393168E-01
 102 2  -6.25971317E-01   1.98354453E-01   7.10529149E-01  -2.52910733E-01
 102 3  -8.33442986E-01   2.73828417E-01   4.49825019E-01  -1.67475984E-01
 102 4  -9.40018654E-01   3.15833211E-01   1.16390482E-01  -5.53865321E-02
 102 5  -9.26386058E-01   3.15185487E-01  -1.99774384E-01   5.05697466E-02
 103 1  -7.27767229E-01   6.61528647E-01  -1.73764214E-01  -5.04063778E-02
 103 2  -6.24028504E-01   6.64742708E-01  -3.77056748E-01   1.62891746E-01
 103 3   4.18195218E-01  -5.69670975E-01   5.74740648E-01  -4.12627041E-01
 103 4   1.11478373E-01  -3.38369697E-01   6.91527545E-01  -6.28385365E-01
 103 5  -1.98159039E-01  -2.56818570E-02   6.58628702E-01  -7.25452781E-01
 104 1   6.80803776E-01   7.26107717E-01   7.30611309E-02   6.27363995E-02
 104 2  -6.28113031E-01  -6.74799323E-01  -2.71644562E-01  -2.76277512E-01
 104 3  -5.17870247E-01  -5.61524093E-01  -4.46742684E-01  -4.65749115E-01
 104 4  -3.60763460E-01  -3.97592902E-01  -5.80432475E-01  -6.12264454E-01
 104 5  -1.72144130E-01  -1.98818490E-01  -6.61106467E-01  -7.02691853E-01
 105 1  -9.42074835E-01   1.78033486E-01  -2.84198761E-01   5.48970001E-03
 105 2  -8.00875068E-01   2.24888131E-01  -5.47661960E-01   8.99491683E-02
 105 3  -4.74052727E-01   1.79856196E-01  -8.35693181E-01   2.11051658E-01
 105 4   9.02195424E-02  -7.97485374E-03  -9.43335772E-01   3.19240510E-01
 105 5   4.12412375E-01  -1.31129593E-01  -8.53423655E-01   2.90498108E-01
 106 1  -5.81855893E-01   7.58688152E-01   1.89366728E-01  -2.23553836E-01
 106 2  -5.84303558E-01   8.06811929E-01   2.64159264E-03   8.73901844E-02
 106 3  -5.23178458E-01   6.45287395E-01  -2.66304851E-01   4.88845855E-01
 106 4  -4.30250823E-01   4.64469343E-01  -3.97838950E-01   6.63985491E-01
 106 5  -3.02389383E-01   2.63421625E-01  -5.01967132E-01   7.66288936E-01
 107 1   6.40326977E-01   6.53461099E-01   1.98241323E-01   3.51668000E-01
 107 2   5.83131909E-01   5.39837658E-01   3.48874152E-01   4.96809244E-01
 107 3   5.09699762E-01   4.09538180E-01   4.66919303E-01   5.95374763E-01
 107 4   4.02295619E-01   2.66308963E-01   5.72152972E-01   6.63233638E-01
 107 5   2.55283862E-01   1.01976402E-01   6.57470465E-01   7.01543748E-01
 108 1   7.42535591E-01   5.06031632E-01  -4.36892062E-01  -4.12108377E-02
 108 2  -8.88928831E-01  -4.25667882E-01   2.80509982E-03  -1.69129103E-01
 108 3  -8.17452192E-01  -2.49743447E-01  -4.12350297E-01  -3.15225989E-01
 108 4  -5.95769286E-01  -1.26433879E-01  -7.05434203E-01  -3.62541288E-01
 108 5  -3.21452081E-01   3.64010804E-03  -8.69455636E-01  -3.75103027E-01
 109 1   8.22841704E-01  -3.87550294E-01   3.09260547E-01  -2.77658612E-01
 109 2   7.28831172E-01  -3.30121905E-01   4.83100504E-01  -3.55582207E-01
 109 3   6.48013115E-01  -2.84383446E-01   5.80712497E-01  -4.02465165E-01
 109 4   5.23425519E-01  -1.98465288E-01   6.92209899E-01  -4.55502868E-01
 109 5  -3.05703282E-01   4.85860109E-02  -8.05233896E-01   5.05750239E-01
 110 1   6.88953340E-01   6.25744641E-01   2.57437766E-01   2.59832203E-01
 110 2   5.82262576E-01   5.21717250E-01   4.48737532E-01   4.32915837E-01
 110 3  -4.23495531E-01  -3.71500432E-01  -6.00209832E-01  -5.67791581E-01
 110 4  -2.25873038E-01  -1.86721712E-01  -6.98850870E-01  -6.52475238E-01
 110 5  -7.93620013E-03   1.46411555E-02  -7.34414279E-01  -6.78497136E-01
 111 1   4.91201371E-01   5.27298987E-01   4.90272284E-01   4.90214348E-01
 111 2   3.24322760E-01   3.59857500E-01   6.13100886E-01   6.24038994E-01
 111 3   1.29383385E-01   1.61375165E-01   6.81401491E-01   7.02075601E-01
 111 4  -7.67915770E-02  -5.14563695E-02   6.89636946E-01   7.18231320E-01
 111 5  -2.77194917E-01  -2.60426790E-01   6.36594117E-01   6.70886695E-01
 112 1  -7.49673426E-01  -5.31300426E-01  -2.59366095E-01  -2.97386706E-01
 112 2  -6.47051632E-01  -4.83489752E-01  -4.19372976E-01  -4.14352834E-01
 112 3  -5.76852202E-01  -4.50423181E-01  -4.76094812E-01  -4.87538904E-01
 112 4  -5.19148588E-01  -4.22832638E-01  -5.07683098E-01  -5.42176425E-01
 112 5  -3.82603288E-01  -2.94886053E-01  -5.98167896E-01  -6.39415503E-01
 113 1   4.34608668E-01   2.38017127E-01  -8.16105366E-01  -2.97380686E-01
 113 2   6.61949813E-01   3.16467375E-01  -6.48436904E-01  -2.02979073E-01
 113 3   8.33481908E-01   3.65303963E-01  -4.07732189E-01  -7.49369562E-02
 113 4   9.31758821E-01   3.53309453E-01  -3.65726687E-02   7.52363577E-02
 113 5   8.97171974E-01   2.94370264E-01   2.73769468E-01   1.82972506E-01
 114 1   1.81854784E-01   2.94994622E-01  -7.19355047E-01  -6.02026105E-01
 114 2   3.48005593E-01   4.28428769E-01  -6.52218819E-01  -5.19568682E-01
 114 3   4.75936651E-01   5.29304087E-01  -5.48848867E-01  -4.38276738E-01
 114 4   5.97980976E-01   6.24423802E-01  -3.80815536E-01  -3.27861518E-01
 114 5   6.70482516E-01   7.12955356E-01  -1.76751435E-01  -1.04435913E-01
 115 1   1.51209816E-01  -1.37213752E-01  -5.95660031E-01   7.76850820E-01
 115 2   3.62949431E-01  -3.65455776E-01  -5.70252299E-01   6.39939189E-01
 115 3   5.58231294E-01  -5.54443538E-01  -4.31291759E-01   4.41540241E-01
 115 4   6.72668219E-01  -6.39525414E-01  -2.64899880E-01   2.61443764E-01
 115 5   7.36633539E-01  -6.64512992E-01  -7.58868009E-02   1.00173421E-01
 116 1  -2.24675223E-01   1.92585543E-01   8.30582857E-01  -4.71766889E-01
 116 2  -4.33002830E-01   3.08842987E-01   7.45114744E-01  -4.02403593E-01
 116 3  -5.82340121E-01   3.89725894E-01   6.34216607E-01  -3.26746196E-01
 116 4  -7.01215923E-01   4.51147914E-01   5.00520349E-01  -2.32897595E-01
 116 5   8.10768306E-01  -4.98638362E-01  -2.92085975E-01   9.32760835E-02
 117 1   6.90885007E-01  -6.79961979E-01   1.32314771E-01  -2.06935853E-01
 117 2   6.49058461E-01  -6.08047187E-01   2.87501305E-01  -3.55450034E-01
 117 3   5.58380425E-01  -5.00764012E-01   4.40935552E-01  -4.92973268E-01
 117 4   4.19719577E-01  -3.56065005E-01   5.74228883E-01  -6.06064677E-01
 117 5   2.37372786E-01  -1.70829132E-01   6.70263171E-01  -6.82069600E-01
 118 1   2.98860312E-01   5.20013452E-01  -1.96147099E-01   7.75754392E-01
 118 2   3.18261862E-01   2.30552062E-01  -6.60729483E-02   9.17163849E-01
 118 3   2.63468087E-01  -2.17667565E-01   1.35452032E-01   9.29977536E-01
 118 4   1.57859132E-01  -6.24937057E-01   2.16603488E-01   7.33223796E-01
 118 5   7.33561739E-02  -8.29272747E-01   2.40475148E-01   4.99096632E-01
 119 1   2.38512620E-01  -7.68580437E-02  -8.80349755E-01   4.02726918E-01
 119 2   4.92104471E-01  -2.08395198E-01  -7.48537481E-01   3.92551094E-01
 119 3   7.24225521E-01  -3.50730389E-01  -4.91650909E-01   3.32813889E-01
 119 4   8.52243960E-01  -4.45061862E-01  -1.42773777E-01   2.34980583E-01
 119 5   8.49719286E-01  -4.82357442E-01   1.68816537E-01   1.29651338E-01
 120 1  -3.98321092E-01  -5.75140238E-01   5.69276810E-01   4.31830972E-01
 120 2  -5.29475927E-01  -6.69999123E-01   4.53774542E-01   2.54647076E-01
 120 3  -6.23480618E-01  -7.13614762E-01   3.15966576E-01   4.68081981E-02
 120 4  -7.25404203E-01  -6.52319551E-01   4.06710953E-02  -2.15902388E-01
 120 5  -7.02823818E-01  -5.61647534E-01  -1.77016541E-01  -3.99068773E-01
 121 1   8.24916482E-01   2.92849064E-01   3.13529313E-01   3.68037492E-01
 121 2   7.28123248E-01   2.43388504E-01   4.78755742E-01   4.25900966E-01
 121 3   6.26994312E-01   1.86027899E-01   5.91237485E-01   4.71921712E-01
 121 4   5.22904694E-01   5.31470068E-02   6.76430523E-01   5.15934110E-01
 121 5   2.93839127E-01  -1.03317723E-01   8.03859591E-01   5.06748140E-01
 122 1   5.90789199E-01   6.25575602E-01   2.53102154E-01   4.42224711E-01
 122 2   4.96383309E-01   4.81515795E-01   4.06082600E-01   5.97363472E-01
 122 3   3.61710966E-01   2.97198236E-01   5.28309345E-01   7.08327413E-01
 122 4   2.01333776E-01   8.95988792E-02   6.08934224E-01   7.61994779E-01
 122 5   1.59390941E-02  -1.34232953E-01   6.41757011E-01   7.54900992E-01
 123 1  -6.14454687E-01   6.91757619E-01   3.60532522E-01  -1.18039191E-01
 123 2  -6.96268618E-01   6.94060922E-01   1.55629352E-01   9.62757245E-02
 123 3  -7.16329694E-01   6.33454442E-01  -5.20427823E-02   2.87921518E-01
 123 4   6.81125939E-01  -5.42407215E-01   2.29798689E-01  -4.34803963E-01
 123 5   6.04520202E-01  -4.17704135E-01   3.91466200E-01  -5.53924918E-01
 124 1  -6.71393931E-01   5.74208319E-01  -2.57017761E-01   3.91735762E-01
 124 2  -5.66731274E-01   4.66222107E-01  -4.24617410E-01   5.30238450E-01
 124 3  -5.18504679E-01   4.03307170E-01  -4.88384724E-01   5.74436009E-01
 124 4  -4.13130611E-01   3.19700599E-01  -5.76383889E-01   6.28407836E-01
 124 5  -2.29423150E-01   1.26780421E-01  -6.71261847E-01   6.93324864E-01
 125 1  -5.58182538E-01  -5.01557648E-01   4.41480905E-01   4.91901308E-01
 125 2  -6.63812220E-01  -6.24769330E-01   2.55879492E-01   3.21779937E-01
 125 3  -7.09821403E-01  -6.91670537E-01   4.83385436E-02   1.24132328E-01
 125 4  -6.93060875E-01  -6.97310388E-01  -1.62453130E-01  -8.38684961E-02
 125 5  -6.14777505E-01  -6.41373277E-01  -3.59814376E-01  -2.84995914E-01
 126 1   7.18819380E-01  -5.72524011E-01   2.77392954E-01  -2.80300021E-01
 126 2   6.42007053E-01  -4.60900247E-01   4.50582325E-01  -4.15178835E-01
 126 3   5.55148542E-01  -3.40845853E-01   5.75165689E-01  -4.94791538E-01
 126 4   4.14766282E-01  -2.12855235E-01   6.95275187E-01  -5.47041118E-01
 126 5   1.95713714E-01  -6.94682747E-02   7.97874391E-01  -5.65921247E-01
 127 1  -5.35195291E-01  -8.25390100E-01   1.58428907E-01  -8.48386660E-02
 127 2  -5.68329513E-01  -7.83349216E-01   4.76692617E-02  -2.47170389E-01
 127 3  -5.39572179E-01  -7.16059387E-01  -8.25067982E-02  -4.35101658E-01
 127 4  -4.90778208E-01  -5.98377526E-01  -1.98322669E-01  -6.01455867E-01
 127 5  -4.39589620E-01  -4.38439757E-01  -2.94180572E-01  -7.26628780E-01
 128 1  -1.75181404E-01   1.73799127E-01   5.10681868E-01  -8.23595405E-01
 128 2  -3.21082026E-01   4.15463150E-01   4.33259249E-01  -7.32518435E-01
 128 3  -4.36339676E-01   6.16397917E-01   3.16610962E-01  -5.73950231E-01
 128 4  -5.07600188E-01   7.52359152E-01   1.80999696E-01  -3.78862709E-01
 128 5  -5.38364947E-01   8.27635467E-01   3.15453075E-02  -1.55524164E-01
 129 1  -6.10932708E-01  -6.52960181E-01   2.77585238E-01   3.51213276E-01
 129 2  -6.65818155E-01  -7.27715731E-01   8.31284672E-02   1.42147005E-01
 129 3  -6.59998894E-01  -7.34900832E-01  -1.27965689E-01  -8.91461670E-02
 129 4  -5.86919129E-01  -6.67182148E-01  -3.30038905E-01  -3.18541050E-01
 129 5  -4.60945487E-01  -5.40072143E-01  -4.91189569E-01  -5.04563391E-01
 130 1  -7.75935501E-02  -9.92796004E-01   4.18076292E-02   8.11626390E-02
 130 2   1.06002018E-01   9.31999326E-01   2.99687451E-03   3.46600622E-01
 130 3   1.09540656E-01   7.29360700E-01   4.96519022E-02   6.73475027E-01
 130 4   9.43254307E-02   5.14646232E-01   8.44512656E-02   8.48003566E-01
 130 5   5.80020323E-02   2.88711756E-01   1.17226936E-01   9.48440373E-01
 131 1   6.34555101E-01   6.48430824E-01   3.12324405E-01   2.81657159E-01
 131 2   5.12710869E-01   5.35701096E-01   4.86594349E-01   4.61928576E-01
 131 3   3.43123823E-01   3.73597473E-01   6.17403746E-01   6.01251781E-01
 131 4   1.42856210E-01   1.77687570E-01   6.91682577E-01   6.85269654E-01
 131 5  -6.90337643E-02  -3.28505039E-02   7.02994764E-01   7.07073987E-01
 132 1  -8.42564642E-01   3.16647172E-01  -2.89890379E-01   3.25242817E-01
 132 2  -7.69371212E-01   2.24754408E-01  -4.59268630E-01   3.82917494E-01
 132 3  -6.80025935E-01   1.26304224E-01  -5.93608737E-01   4.11388665E-01
 132 4   5.40118515E-01  -3.38308588E-02   7.30280817E-01  -4.16914284E-01
 132 5   3.35980266E-01   7.19475746E-02   8.48911405E-01  -4.01609719E-01
 133 1  -9.88488942E-02   2.36113623E-01   4.57302451E-01  -8.51677060E-01
 133 2  -2.42750362E-01   4.98975515E-01   4.02997822E-01  -7.27797031E-01
 133 3  -3.17582726E-01   6.30626023E-01   3.60182315E-01  -6.09689176E-01
 133 4  -3.93716663E-01   7.45081961E-01   2.79055357E-01  -4.60400194E-01
 133 5   4.54919696E-01  -8.39494705E-01  -1.63654894E-01   2.48019889E-01
 134 1  -5.25408804E-01   3.08200866E-01  -6.51143610E-01   4.52736080E-01
 134 2   2.72477537E-01  -1.38154775E-01   7.91557431E-01  -5.29250562E-01
 134 3   1.73119158E-02   2.30096877E-02   8.39684784E-01  -5.42310297E-01
 134 4  -2.42176160E-01   1.89778537E-01   8.04926932E-01  -5.07373095E-01
 134 5  -4.72595096E-01   3.32891762E-01   6.95865750E-01  -4.26154792E-01
 135 1  -7.73570180E-01  -6.03573263E-01  -5.95086291E-02  -1.83704272E-01
 135 2  -7.20037580E-01  -4.78427202E-01  -3.32711518E-01  -3.76771063E-01
 135 3  -5.84928811E-01  -3.22606653E-01  -5.50855041E-01  -5.00341952E-01
 135 4  -4.31226403E-01  -1.91216409E-01  -6.83201671E-01  -5.57418704E-01
 135 5  -2.24598646E-01  -3.21465470E-02  -7.77583241E-01  -5.86418271E-01
 136 1  -4.01041389E-01   3.30273807E-02   9.15427625E-01  -8.20459798E-03
 136 2  -4.67506438E-01   5.15321679E-02   8.82481515E-01  -2.92666303E-03
 136 3  -5.43938518E-01   5.66471592E-02   8.36397946E-01   3.68856937E-02
 136 4  -6.59028471E-01   4.25144173E-02   7.49480724E-01   4.63975742E-02
 136 5  -8.44493568E-01   1.61401685E-02   5.33279836E-01   4.67206202E-02
 137 1  -2.89943099E-01  -3.80051732E-01   6.74973726E-01   5.62053561E-01
 137 2  -4.16679680E-01  -5.00906825E-01   5.75100064E-01   4.94702280E-01
 137 3  -4.86545295E-01  -5.83058834E-01   4.79107410E-01   4.40195709E-01
 137 4  -5.02188444E-01  -6.33026302E-01   4.37332183E-01   3.94746840E-01
 137 5  -5.41662097E-01  -6.83305621E-01   3.73891681E-01   3.16070706E-01
 138 1   6.39598608E-01  -4.85335559E-01   4.09947276E-01  -4.32788938E-01
 138 2   4.87142295E-01  -3.32259774E-01   5.83352923E-01  -5.58565438E-01
 138 3   2.83665061E-01  -1.42646849E-01   7.05451429E-01  -6.33659542E-01
 138 4   5.31214438E-02   5.73137924E-02   7.59234607E-01  -6.46108449E-01
 138 5  -1.76050171E-01   2.47031599E-01   7.40883827E-01  -5.99227011E-01
 139 1  -2.11311355E-01   9.06713903E-01  -1.63003162E-01   3.26569170E-01
 139 2  -1.79163218E-01   7.54502773E-01  -2.53289968E-01   5.78334033E-01
 139 3  -1.16332665E-01   5.71998537E-01  -3.17675501E-01   7.47239470E-01
 139 4  -2.60587838E-02   3.57481301E-01  -3.56888920E-01   8.62646222E-01
 139 5   7.63899386E-02   1.03395969E-01  -3.58856231E-01   9.24497783E-01
 140 1   3.55161488E-01   2.26192653E-01  -7.33353138E-01  -5.33751249E-01
 140 2   5.59468687E-01   3.77039760E-01  -5.91826975E-01  -4.41108584E-01
 140 3   7.17165053E-01   4.96921510E-01  -3.85203600E-01  -3.00602049E-01
 140 4   8.02293241E-01   5.66555202E-01  -1.37489155E-01  -1.28208905E-01
 140 5   8.06180835E-01   5.78551888E-01   1.13481611E-01   4.97210324E-02
 141 1   6.67264402E-01  -6.58555686E-01   2.03094065E-01  -2.82516420E-01
 141 2   5.78359127E-01  -5.46079576E-01   3.93666387E-01  -4.60787117E-01
 141 3   4.61701989E-01  -4.14802074E-01   5.27352154E-01  -5.80233037E-01
 141 4   3.12988907E-01  -2.55338132E-01   6.28150344E-01  -6.65031970E-01
 141 5   1.24311894E-01  -5.97181842E-02   6.91076636E-01  -7.09502280E-01
 142 1  -7.22822070E-01  -6.33637011E-01  -1.91237554E-01  -1.98647186E-01
 142 2  -6.44195914E-01  -5.52422166E-01  -3.81583959E-01  -3.66381168E-01
 142 3  -5.38511753E-01  -4.17045981E-01  -5.34981310E-01  -4.99872833E-01
 142 4  -4.04040247E-01  -2.33715549E-01  -6.56151950E-01  -5.92953026E-01
 142 5  -1.87542751E-01  -8.15179795E-02  -7.69513607E-01  -6.05005264E-01
 143 1  -9.42744493E-01   1.09463513E-01  -2.52390236E-01   1.88546523E-01
 143 2  -8.70072961E-01   6.21175244E-02  -4.44078207E-01   2.04716906E-01
 143 3  -7.73813486E-01   7.47527508E-03  -5.98386467E-01   2.07582697E-01
 143 4  -6.12537622E-01  -4.61113937E-02  -7.64417470E-01   1.95799470E-01
 143 5   3.68693173E-01   9.54904333E-02   9.08940256E-01  -1.69630691E-01
 144 1   8.33085477E-02  -8.90226141E-02   6.78204358E-01   7.24688649E-01
 144 2  -1.74230114E-01  -3.07855844E-01   6.79667115E-01   6.42589569E-01
 144 3  -3.77329648E-01  -4.76763368E-01   5.96832752E-01   5.23554862E-01
 144 4  -5.12512922E-01  -5.81060052E-01   4.86076742E-01   4.04263765E-01
 144 5  -6.17985487E-01  -6.59178853E-01   3.39733481E-01   2.61071861E-01
 145 1  -1.50085464E-01   7.12437034E-01   4.68802750E-01   5.00131786E-01
 145 2  -2.88566172E-01   5.24957061E-01   4.00012255E-01   6.93642557E-01
 145 3  -4.05446440E-01   2.63468236E-01   2.79123425E-01   8.29631209E-01
 145 4   4.72459793E-01   4.54840399E-02  -1.12535156E-01  -8.72954011E-01
 145 5   4.82359380E-01   3.29916596E-01   4.41072620E-02  -8.10271025E-01
 146 1   6.81913435E-01   7.27790952E-01   4.91942950E-02   5.37989698E-02
 146 2   6.36444986E-01   6.79180503E-01   2.49008760E-01   2.67668277E-01
 146 3   5.33232510E-01   5.69079876E-01   4.26555574E-01   4.58106428E-01
 146 4   3.82556230E-01   4.08047676E-01   5.65190613E-01   6.06388927E-01
 146 5   1.98459417E-01   2.11553439E-01   6.52633667E-01   6.99948788E-01
 147 1   4.94705319E-01   7.86587656E-01   1.52165413E-01   3.36737692E-01
 147 2   4.16378647E-01   6.69043779E-01   2.82076567E-01   5.47213018E-01
 147 3   3.58575672E-01   5.29388249E-01   3.97836715E-01   6.57949507E-01
 147 4   2.82785088E-01   3.97544205E-01   4.79553699E-01   7.29396641E-01
 147 5   6.97521865E-02   1.53581187E-01   5.77982306E-01   7.98425972E-01
 148 1  -2.94251859E-01  -3.50957185E-01  -4.86604810E-01  -7.43949473E-01
 148 2   7.62129128E-02   9.43705887E-02   5.82225740E-01   8.03927302E-01
 148 3  -2.26073593E-01  -3.13536257E-01   5.87011158E-01   7.11339355E-01
 148 4  -3.86648893E-01  -5.45791924E-01   4.94389981E-01   5.55150807E-01
 148 5  -5.09637654E-01  -6.97057009E-01   3.61291587E-01   3.51922542E-01
 149 1   6.72884658E-02  -1.01963177E-01  -7.58192956E-01   6.40483618E-01
 149 2   2.83954054E-01  -2.83962756E-01  -7.05855012E-01   5.83527267E-01
 149 3   4.72664744E-01  -4.38503951E-01  -5.95751226E-01   4.78939384E-01
 149 4   6.23229802E-01  -5.57821453E-01  -4.34843361E-01   3.33663136E-01
 149 5   7.23231614E-01  -6.31194651E-01  -2.32810676E-01   1.55976504E-01
 150 1  -3.51809204E-01   8.18513811E-01  -2.05484226E-01   4.05020714E-01
 150 2   2.99922794E-01  -7.13886797E-01   2.74895370E-01  -5.69951475E-01
 150 3   2.46034324E-01  -6.02611423E-01   3.23073119E-01  -6.86986446E-01
 150 4   1.78506821E-01  -4.66419965E-01   3.63360077E-01  -7.86484003E-01
 150 5   7.89617524E-02  -2.60282785E-01   3.96498293E-01  -8.76816452E-01
 151 1  -5.43952286E-01  -8.38550150E-01   1.62383374E-02   2.61893459E-02
 151 2  -5.31298399E-01  -8.01453114E-01  -1.58396795E-01  -2.24288657E-01
 151 3  -4.63538527E-01  -7.00094283E-01  -3.12525332E-01  -4.44216251E-01
 151 4   3.50129455E-01   5.42258143E-01   4.37803566E-01   6.25854373E-01
 151 5   2.04493374E-01   3.36830020E-01   5.22741258E-01   7.55956113E-01
 152 1  -2.10560113E-01   1.65215597E-01  -4.46439952E-01   8.53849947E-01
 152 2  -4.56455499E-02  -1.78903386E-01  -4.73067313E-01   8.61462414E-01
 152 3   1.06942773E-01  -4.46534932E-01  -4.65868652E-01   7.56396770E-01
 152 4   2.52691627E-01  -6.56107843E-01  -4.06708181E-01   5.83316267E-01
 152 5   3.66412640E-01  -7.99605012E-01  -3.08448583E-01   3.62261176E-01
 153 1  -1.57787949E-01  -8.65167379E-01  -9.93813761E-03  -4.75909352E-01
 153 2  -1.45945519E-01  -6.98204875E-01  -5.33215702E-02  -6.98832393E-01
 153 3  -1.21543132E-01  -4.96292353E-01  -8.89667571E-02  -8.54988933E-01
 153 4  -8.70058835E-02  -2.35859782E-01  -1.18714891E-01  -9.60576415E-01
 153 5  -5.64122088E-02   3.41781899E-02  -1.34110942E-01  -9.88768876E-01
 154 1  -6.25503302E-01   6.41365111E-01  -2.66564906E-01   3.55442971E-01
 154 2  -5.30976593E-01   5.11082590E-01  -4.31652427E-01   5.20129383E-01
 154 3  -4.16781694E-01   3.35583508E-01  -5.55151761E-01   6.36775672E-01
 154 4  -2.77076632E-01   9.22723189E-02  -6.38732970E-01   7.11852968E-01
 154 5  -5.68583198E-02  -1.33033916E-01  -7.14244723E-01   6.84780002E-01
 155 1   1.43126264E-01   2.14468673E-01   3.03987954E-02   9.65709090E-01
 155 2   1.26755133E-01  -1.02150686E-01   7.40791857E-02   9.83875334E-01
 155 3   9.34255347E-02  -4.40750033E-01   1.13484904E-01   8.85512471E-01
 155 4   4.89672907E-02  -7.18702853E-01   1.38186514E-01   6.79685950E-01
 155 5   4.14219406E-03  -8.93771708E-01   1.45885035E-01   4.24113929E-01
 156 1  -7.68952072E-01  -6.15806937E-01   8.60441998E-02   1.48630068E-01
 156 2   7.60660231E-01   6.32436872E-01   1.41344637E-01   3.79660465E-02
 156 3   6.87990606E-01   5.94958305E-01   3.53556722E-01   2.18383461E-01
 156 4   5.55840492E-01   5.06401181E-01   5.37295103E-01   3.81985873E-01
 156 5   3.72556835E-01   3.71656388E-01   6.77040637E-01   5.14479399E-01
 157 1   7.42995590E-02   9.95680541E-02  -9.40527618E-01   3.16185951E-01
 157 2  -3.85188878E-01   8.08928814E-03   8.65926802E-01  -3.18959177E-01
 157 3  -6.97908282E-01   1.32098287E-01   6.40045464E-01  -2.92943537E-01
 157 4  -9.00021911E-01   2.34749928E-01   2.89873928E-01  -2.25446537E-01
 157 5  -9.44451630E-01   2.95294881E-01  -3.20773683E-02  -1.40652686E-01
 158 1  -1.32025734E-01  -2.17908874E-01   6.81625843E-01   6.85909092E-01
 158 2  -2.97012568E-01  -3.89841199E-01   6.26704335E-01   6.05845809E-01
 158 3  -3.98026228E-01  -4.91310954E-01   5.65631211E-01   5.29386580E-01
 158 4  -4.82667267E-01  -5.72197020E-01   4.91627127E-01   4.44888413E-01
 158 5  -5.77012956E-01  -6.55665934E-01   3.70648950E-01   3.15876126E-01
 159 1   4.73152906E-01   6.16176963E-01  -5.67362309E-01  -2.73042917E-01
 159 2  -6.18581772E-01  -6.70047939E-01   4.03992146E-01   7.19911829E-02
 159 3  -7.01931238E-01  -6.65388763E-01   1.99523672E-01  -1.57291815E-01
 159 4  -7.43756592E-01  -5.54217398E-01  -5.87755255E-02  -3.69072884E-01
 159 5  -6.89105988E-01  -4.21123207E-01  -2.83475578E-01  -5.17136097E-01
 160 1   6.13259077E-01  -6.32154346E-01  -4.06857580E-01   2.42407158E-01
 160 2   7.06384480E-01  -6.74077570E-01  -2.09710002E-01   5.15965074E-02
 160 3   7.36820400E-01  -6.61249518E-01   3.14403069E-03  -1.40836805E-01
 160 4   7.01319218E-01  -5.86487412E-01   2.29581341E-01  -3.33880663E-01
 160 5   6.09904587E-01  -4.61887866E-01   4.22941804E-01  -4.85588551E-01
