   1  -2.45511551E+02  -3.66301994E+01  -2.00507793E+01
   2   2.65642822E+02  -9.16004181E+00  -5.31727295E+01
   3  -2.17773361E+02  -5.46849136E+01   1.85332465E+00
   4  -1.57632309E+02  -1.46443848E+02  -1.36918594E+02
   5  -1.26699791E+02  -1.11610176E+02  -1.32056946E+02
   6  -1.43826752E+02  -1.72954880E+02  -1.37141205E+02
   7  -7.34348755E+01  -1.21973015E+02  -1.10971306E+02
   8  -1.19363609E+02  -5.62438049E+01  -1.62940292E+02
   9  -1.09121086E+02  -7.24597931E+01  -1.17529251E+02
  10  -1.47990143E+02  -4.16352768E+01  -1.47222214E+02
  11  -1.29410538E+02  -2.66506329E+01  -1.64954681E+02
  12  -1.56219116E+02  -2.76678734E+01  -1.24762550E+02
  13  -8.83951340E+01  -3.76945724E+01  -1.20917892E+02
  14  -1.02431496E+02  -3.39476242E+01  -1.30415115E+02
  15  -4.23141060E+01  -1.14828644E+02  -1.11588707E+02
  16  -6.66972589E+00  -1.00779900E+02  -9.76164169E+01
  17  -5.35759211E+00  -1.10758209E+02  -1.04062927E+02
  18  -3.18134251E+01  -1.07911659E+02  -1.14010231E+02
  19  -1.03791626E+02  -6.67506638E+01  -9.13991547E+01
  20  -6.92791367E+01  -6.85987167E+01  -6.42994003E+01
  21  -5.32739449E+01  -6.85333023E+01  -1.41503830E+02
  22  -3.56248283E+01  -1.11357407E+02  -1.06940338E+02
  23  -3.50608253E+01  -7.56523361E+01  -1.61219757E+02
  24  -6.45743103E+01  -1.05587013E+02  -1.20232513E+02
  25  -7.08048859E+01  -1.14490196E+02  -1.51372269E+02
  26  -8.12518978E+00  -1.07891960E+02  -1.09522720E+02
  27  -1.01746643E+02  -7.08351974E+01  -9.84235840E+01
  28  -1.79345703E+02   5.29266663E+01  -1.63648117E+02
  29  -1.00826843E+02   4.82513542E+01  -1.61130569E+02
  30  -1.23826302E+02   3.16256428E+01  -1.53333511E+02
  31  -7.61919098E+01   3.44158478E+01  -1.59654541E+02
  32  -1.66507858E+02  -2.09932253E-01  -1.38771652E+02
  33  -1.34506531E+02  -2.53242989E+01  -1.39023880E+02
  34  -8.42892227E+01   4.46201229E+00  -1.04249115E+02
  35  -7.27898788E+01   2.43442612E+01  -1.33810989E+02
  36  -1.12890266E+02   7.53966751E+01  -1.49645401E+02
  37  -7.09173584E+01  -1.06087542E+01  -1.30656860E+02
  38  -8.77813873E+01  -5.66320496E+01  -8.63641281E+01
  39  -7.64516068E+01  -2.83732567E+01  -1.08066147E+02
  40  -6.03253288E+01   1.99809113E+01  -1.39847198E+02
  41  -5.86220741E+00   1.01251770E+02  -1.20801163E+02
  42  -2.81481895E+01   9.85820236E+01  -1.23980537E+02
  43  -1.35843010E+01   5.99176712E+01  -1.31525681E+02
  44   5.26352272E+01   1.14102058E+02  -8.08456192E+01
  45   2.33286858E+01   7.26961441E+01  -1.26830498E+02
  46  -3.05255928E+01   4.51682549E+01  -5.46770134E+01
  47  -8.15472794E+01   9.77968521E+01  -1.41039261E+02
  48  -3.95825310E+01   6.68035431E+01  -1.18592003E+02
  49   4.15239792E+01   4.08592339E+01  -1.13511726E+02
  50  -8.45028381E+01   7.82460785E+01  -1.02918549E+02
  51  -6.78635788E+01   9.49658356E+01  -8.87910080E+01
  52  -1.07865334E+02   5.22027206E+01  -1.23385803E+02
  53  -1.15408623E+02   7.33422852E+01  -1.46202927E+02
  54  -1.28612015E+02   9.01207199E+01  -1.34526154E+02
  55  -1.17318182E+01   9.94585800E+01  -9.69540405E+01
  56  -1.49591274E+01   9.62958145E+01  -8.90550385E+01
  57  -1.32808456E+02   3.90525551E+01  -1.05209236E+02
  58  -3.76371422E+01   6.27076988E+01  -6.37601128E+01
  59  -1.05386024E+02   2.39786453E+01  -1.50805466E+02
  60  -9.13798981E+01   2.43314576E+00  -1.26117020E+02
  61  -1.61046257E+01  -3.29135017E+01  -1.10690094E+02
  62  -1.51805239E+01  -3.94867477E+01  -1.24463974E+02
  63  -6.09172153E+00  -7.27249146E+01  -8.83789978E+01
  64  -2.24611378E+01  -4.31409378E+01  -1.29987335E+02
  65   5.78082657E+01  -4.19778061E+01  -5.75153046E+01
  66   5.27391205E+01  -4.66395378E+01  -8.36120529E+01
  67  -2.66341953E+01   7.29869270E+00  -1.16662773E+02
  68  -1.29040833E+02   1.37668524E+01  -1.40608185E+02
  69   1.93004837E+01  -7.95794754E+01  -7.17152100E+01
  70   6.69768677E+01  -3.23910828E+01  -5.37848434E+01
  71   2.23905106E+01  -6.68883820E+01  -7.08251419E+01
  72   1.35020294E+02  -5.94855080E+01  -5.21152344E+01
  73   9.38084412E+01  -5.78251953E+01  -3.79166565E+01
  74   3.94882050E+01  -1.10131340E+01  -5.16388054E+01
  75   8.37920456E+01   5.85915527E+01  -4.86993332E+01
  76   1.36421829E+02   1.05284767E+01  -3.55600929E+01
  77   1.12305687E+02   3.86782417E+01  -3.00494728E+01
  78   7.76106415E+01   1.50459852E+01  -3.84529686E+01
  79  -4.32940979E+01  -4.40797119E+01  -1.25058167E+02
  80  -2.28615990E+01  -2.45494118E+01  -1.12607101E+02
  81  -5.23751259E+01  -6.41561508E+01  -1.34438538E+02
  82  -5.69088669E+01  -5.57164574E+01  -1.21655952E+02
  83  -3.39696159E+01  -2.84076271E+01  -1.41091919E+02
  84  -2.85324173E+01  -7.61005325E+01  -1.57973801E+02
  85   4.56805534E+01   1.24451056E+01  -1.24056885E+02
  86  -4.38604736E+01  -5.28361053E+01  -1.38024277E+02
  87  -8.09320354E+00  -9.83583641E+00  -1.13673820E+02
  88  -9.26371765E+01   3.11950207E+00  -1.46814774E+02
  89  -6.01974068E+01   1.93852119E+01  -1.01207619E+02
  90  -4.36158714E+01  -3.78447819E+00  -1.07002937E+02
  91  -1.76121235E+01  -4.25956268E+01  -1.04569580E+02
  92  -6.26615486E+01   2.44859943E+01  -9.96106186E+01
  93  -1.25838936E+02  -2.38061886E+01  -1.08109108E+02
  94  -1.05529282E+02  -5.53991356E+01  -1.04082016E+02
  95  -1.20353798E+02  -7.50979080E+01  -9.12199402E+01
  96  -7.19766006E+01   2.86216335E+01  -4.42647705E+01
  97  -6.95764923E+01   4.60711937E+01  -5.44425392E+01
  98  -1.60808350E+02   3.88793983E+01  -6.65624619E+01
  99  -1.40962341E+02   7.33456802E+01  -7.90388336E+01
 100  -2.08066893E+00  -4.47017288E+01  -4.08337975E+01
 101   5.52432728E+00  -1.08972569E+01  -2.84475632E+01
 102  -1.55426041E+02   7.68063889E+01  -5.74711266E+01
 103  -4.85670967E+01   6.09811363E+01  -4.34672928E+01
 104  -1.64585800E+02   6.93976974E+01  -9.01807556E+01
 105  -6.81471481E+01   5.75780945E+01  -3.93539886E+01
 106  -6.66275024E+01   5.62766027E+00  -5.06537704E+01
 107  -3.69640388E+01   5.27737427E+01  -4.79860115E+01
 108  -5.12740021E+01   2.90120735E+01  -7.07075806E+01
 109  -1.32069244E+02  -4.26636276E+01  -6.91541214E+01
 110  -1.15838867E+02  -7.87011051E+00  -6.53253250E+01
 111  -1.67018311E+02  -3.65886040E+01  -1.07400307E+02
 112  -1.09124443E+02  -6.64633636E+01  -1.21132233E+02
 113  -1.18203979E+02  -4.91698761E+01  -1.06099838E+02
 114  -1.11896935E+02  -1.17137306E+02  -5.60175095E+01
 115  -4.69597778E+01  -9.44649200E+01  -8.00773392E+01
 116  -9.09473343E+01  -3.74488220E+01  -7.97955933E+01
 117  -4.99900932E+01  -5.46554298E+01  -6.32826576E+01
 118   1.41957397E+02  -7.82975769E+00  -4.09407005E+01
 119   2.32855698E+02  -5.97496986E+00  -1.20265656E+02
 120   2.72016876E+02  -2.93861523E+01  -8.64260483E+01
 121   2.29395493E+02   1.13389778E+01  -1.24506180E+02
 122   2.22366623E+02  -1.65098629E+01  -7.45791702E+01
 123   1.95825821E+02  -1.43899479E+01  -7.56147766E+01
 124  -2.71387115E+02   3.67852058E+01  -1.13381481E+01
 125   2.72675903E+02   4.53731270E+01  -1.37761602E+01
 126  -2.68149170E+02   2.91881065E+01   3.86809170E-01
 127   1.93955399E+02  -3.25773888E+01  -3.04530277E+01
 128   1.94341034E+02  -3.45022278E+01   8.14682579E+00
 129   1.94092392E+02   3.19569325E+00   6.19356012E+00
 130   1.40055237E+02  -5.14581642E+01  -4.21535988E+01
 131   1.66732452E+02  -3.06758213E+01  -7.93401718E+00
 132   1.64999542E+02   5.70425453E+01  -1.02035316E+02
 133   2.15074554E+02   4.64425812E+01  -9.36706238E+01
 134   1.59318298E+02   3.16476536E+01  -9.11756973E+01
 135   1.22128105E+02   3.57039833E+00  -9.72901917E+01
 136   1.63372528E+02   4.53071327E+01  -7.32662964E+01
 137   1.11594704E+02   5.68282661E+01  -7.86342697E+01
 138   2.66285126E+02   2.80890064E+01  -6.77645264E+01
 139   1.66774734E+02   7.58549261E+00  -1.03823097E+02
 140   2.07862885E+02   1.99214783E+01  -7.22471085E+01
 141   2.03292862E+02   2.92791805E+01  -8.38899231E+01
 142   2.20783890E+02   3.14425716E+01  -8.49650574E+01
 143   1.81121719E+02   8.38034213E-01  -9.66713867E+01
 144   2.37913971E+02   1.41819477E+00  -5.90344620E+01
 145   1.50927948E+02   3.61800842E+01  -7.93591919E+01
 146   1.31603333E+02   2.02254848E+01  -1.00290024E+02
 147   1.43107025E+02   1.73467216E+01  -7.38510208E+01
 148   1.05693092E+02   2.63391972E+01  -8.11879501E+01
 149   1.36876007E+02  -4.53193703E+01  -8.32924728E+01
 150   7.73013000E+01  -7.53335266E+01  -8.80716553E+01
 151   1.16222870E+02  -4.94765759E-01  -1.01391151E+02
 152   8.64828644E+01  -6.35550232E+01  -8.63519211E+01
 153   1.85365433E+02  -3.34646454E+01  -7.53123703E+01
 154   1.56271896E+02  -3.42248154E+01  -5.16252441E+01
 155   1.13987068E+02  -1.99957523E+01  -8.59518661E+01
 156   9.53340759E+01  -4.37868118E+00  -8.87957230E+01
 157   2.23181335E+02  -2.58700867E+01  -3.39468613E+01
 158   2.23797791E+02   1.19675846E+01  -6.16113186E+00
 159   1.67048920E+02   1.91848850E+01  -9.35129395E+01
 160   1.49119553E+02   1.19614830E+01  -8.88280106E+01
 161   2.00944778E+02   2.63600230E+00  -7.55073013E+01
 162   1.67932129E+02   3.00398998E+01  -7.36875076E+01
 163   5.72673531E+01   3.72713394E+01  -1.27869179E+02
 164   6.84879379E+01  -1.56484241E+01  -1.11736687E+02
 165   2.09709839E+02   2.36283422E+00   3.46093979E+01
 166   9.18776550E+01  -5.89282990E+00  -2.15285225E+01
 167   7.11264954E+01  -2.71445770E+01  -7.44619064E+01
 168   1.47802002E+02   2.31365891E+01  -2.99215488E+01
 169   3.22035370E+01  -1.09207207E+02  -5.30391312E+01
 170   5.72961197E+01  -1.18376022E+02  -5.95638695E+01
 171   3.68598480E+01  -1.12523895E+02  -5.85630226E+01
 172   3.19817085E+01  -8.91180954E+01  -5.20621262E+01
 173  -7.20024967E+00  -1.10951645E+02  -8.12400742E+01
 174  -9.12934208E+00  -1.08842033E+02  -2.67849236E+01
 175  -2.30906029E+01  -1.35199722E+02  -8.27934036E+01
 176  -2.28314075E+01  -7.26178207E+01  -8.43488159E+01
 177  -1.49229717E+01  -3.96814423E+01  -1.52194305E+02
 178  -8.05717773E+01  -5.72591257E+00  -8.07630920E+01
 179   4.72065496E+00  -6.04736366E+01  -1.35395309E+02
 180   9.70746384E+01  -7.89790955E+01  -8.71095734E+01
 181  -1.01831200E+02   5.93333206E+01  -6.83940582E+01
 182  -7.11919022E+01   5.53882179E+01  -4.93320885E+01
 183  -4.31840744E+01   4.26726685E+01  -8.78977966E+01
 184  -6.62904358E+00   7.51300964E+01  -1.02673439E+02
 185  -1.15640480E+02   6.23955688E+01  -8.28554916E+01
 186  -1.04541176E+02   4.62126694E+01  -1.08236732E+02
 187  -5.22520447E+01   9.43973160E+01  -9.15589676E+01
 188  -3.57279053E+01   7.75426865E+01  -1.14121414E+02
 189  -4.64329376E+01   8.10375214E+01  -8.99553375E+01
 190  -1.52117340E+02   8.20434647E+01  -8.88435135E+01
 191  -3.05311527E+01   6.67193146E+01  -4.15675201E+01
 192   1.13631153E+00   4.36401443E+01  -2.48107090E+01
 193   1.58693695E+02  -7.84060574E+00  -5.26014252E+01
 194  -2.01538124E+01   4.90290489E+01  -1.03595695E+02
 195  -4.86181526E+01   5.72500458E+01  -1.42832901E+02
 196  -1.64058514E+01   4.85738106E+01  -1.07739853E+02
 197  -8.58570709E+01   4.81028137E+01  -1.30854324E+02
 198  -1.25950937E+01   6.99713287E+01  -1.16550293E+02
 199  -8.35318527E+01   7.60906982E+01  -1.36548843E+02
 200  -1.47468538E+01   9.01775208E+01  -7.88437271E+01
 201  -5.18799019E+01   5.83036270E+01  -1.07674088E+02
 202   4.78938818E+00   4.88925514E+01  -9.03174133E+01
 203  -1.33914537E+01  -2.36009693E+01  -4.98831367E+01
 204  -4.98164139E+01  -3.86783676E+01  -6.79636688E+01
 205  -3.67868042E+01   7.61493683E+00  -4.53824043E+01
 206   2.41164093E+01   3.86531410E+01  -1.20140388E+02
 207   1.52505760E+01   1.83315430E+01  -6.62085953E+01
 208   7.15932178E+00   4.44005585E+01  -6.24661484E+01
 209   1.50507820E+00   3.34169121E+01  -1.06418022E+02
 210   9.09228668E+01   1.98711243E+01  -1.05613068E+02
 211  -8.20171833E+00   2.13178806E+01  -6.40346146E+01
 212  -1.42856369E+01  -6.45984125E+00  -1.40664124E+02
 213  -1.27941826E+02   1.10262403E+01  -9.05294342E+01
 214  -1.04246750E+02   2.46239929E+01  -1.02579666E+02
 215  -1.17287285E+02   1.86662173E+00  -9.97580566E+01
 216  -1.10090752E+02  -4.30536366E+00  -1.03735924E+02
 217   1.06359444E+02  -6.71086655E+01  -2.26983471E+01
 218   1.00616570E+02  -1.01151955E+02  -6.03528366E+01
 219   4.96472778E+01   5.66380234E+01  -1.09711243E+02
 220   1.03520416E+02   2.27315197E+01  -1.24324745E+02
 221   1.08500305E+02   9.77793312E+00  -1.03784737E+02
 222   1.63655300E+01   9.11508656E+00  -1.30835129E+02
 223  -4.91013432E+00   1.39856844E+01  -1.39756241E+02
 224   5.15005112E+01  -7.09207611E+01  -4.92510948E+01
 225   8.86907806E+01  -3.85693016E+01  -1.98386631E+01
 226   5.50103722E+01  -4.12536659E+01  -4.82538147E+01
 227   5.24847298E+01  -2.15103359E+01  -1.51038151E+01
 228   5.02002029E+01  -5.17060890E+01  -5.60120583E+01
 229  -6.35569115E+01   3.44941101E+01  -1.29272064E+02
 230  -1.25249929E+01  -3.65095943E-01  -1.09284599E+02
 231  -7.65434570E+01   4.99333076E+01  -6.72862930E+01
 232  -5.02529602E+01   9.40791168E+01  -1.23781258E+02
 233  -4.88788567E+01   7.10986252E+01  -7.77137680E+01
 234  -4.93467445E+01   2.17119980E+01  -6.39174423E+01
 235  -1.64506973E+02   3.63856659E+01  -8.95731812E+01
 236  -2.29626808E+01   8.16160507E+01  -3.69030380E+01
 237   7.85063171E+01  -3.13396788E+00  -2.80930328E+01
 238   7.19148026E+01  -3.17447090E+01  -3.25314217E+01
 239   5.74296646E+01  -8.95123768E+00  -4.22202644E+01
 240   1.04791321E+02  -3.62326927E+01  -7.63016129E+01
 241   3.52711449E+01  -5.84218369E+01  -7.03453598E+01
 242   3.87412605E+01  -9.30478516E+01  -9.87481384E+01
 243   3.53705597E+01  -9.99512482E+01  -6.56795502E+01
 244  -1.03789589E+02  -4.46218567E+01  -1.71743164E+02
 245  -5.11646614E+01   2.97329388E+01  -6.15181313E+01
 246  -5.73127594E+01   3.07793350E+01  -8.03904648E+01
 247   1.28892914E+02  -5.27010040E+01  -6.19727478E+01
 248   8.06139526E+01  -3.47274513E+01  -1.45137453E+01
 249   1.64849319E+02  -1.95639477E+01  -1.13975494E+02
 250   1.10756294E+02  -2.41459489E+00  -1.00139229E+02
 251   4.28070450E+01  -8.58656387E+01  -8.34278259E+01
 252  -7.32233191E+00  -9.60260987E-01  -8.47184143E+01
 253  -2.10039921E+01  -2.60378723E+01  -9.07282257E+01
 254   1.43879247E+00  -2.90609760E+01  -8.72156372E+01
 255   1.69441795E+00   3.12726688E+01  -4.25483093E+01
 256  -4.72481906E-01   2.80149174E+01  -2.03913898E+01
 257  -1.65868034E+01  -5.76711273E+00  -6.29772453E+01
 258  -3.73282700E+01  -1.00065260E+01  -5.15696297E+01
 259   4.06683636E+00   1.91131992E+01  -6.60358505E+01
 260   3.93774567E+01   8.79020977E+00  -4.24513512E+01
 261  -1.48363333E+01  -5.39987793E+01  -5.89282379E+01
 262  -4.45418625E+01  -2.17015839E+00  -5.84309731E+01
 263  -3.82445450E+01  -2.98186469E+00  -6.77453156E+01
 264   3.24378242E+01  -6.75407486E+01  -9.64269180E+01
 265   2.20468025E+01  -7.99240265E+01  -1.16219345E+02
 266  -6.38886738E+00  -5.27566757E+01  -7.35935822E+01
 267   1.87418499E+01  -7.56683044E+01  -8.02754059E+01
 268   2.07861996E+01  -7.14062347E+01  -1.06906288E+02
 269  -1.81865555E+02  -1.86627769E+01  -1.30258667E+02
 270  -1.30162781E+02   6.91311932E+00  -9.89759674E+01
 271  -7.18634033E+00  -1.04399315E+02  -8.13454590E+01
 272  -3.71185188E+01   2.05548706E+01  -1.16749062E+02
 273  -2.63797073E+01   1.92279778E+01  -1.15833649E+02
 274   4.77999878E+01   1.20854816E+01  -1.00458817E+02
 275   1.02258293E+02  -3.93965683E+01  -5.65070457E+01
 276   8.38346329E+01   1.31597292E+00  -1.89879704E+01
 277  -5.44774437E+00  -6.85482635E+01  -1.52691147E+02
 278   7.24456787E+01  -7.05210114E+01  -1.29347168E+02
 279  -1.22157043E+02  -2.26420345E+01  -1.79976440E+02
 280  -1.19559883E+02  -4.18695770E-02  -1.75554581E+02
 281   1.91890808E+02   1.64920540E+01  -3.98026619E+01
 282   1.25209946E+02   4.12856750E+01  -3.91700211E+01
 283   1.39992599E+02   3.92104836E+01  -4.39221687E+01
 284  -4.82713242E+01   1.02231583E+02  -1.56700760E+02
 285  -1.09218475E+02   9.31586227E+01  -1.67072037E+02
 286  -3.06450672E+01   1.21588264E+02  -1.63315277E+02
 287  -1.45095993E+02  -9.09737854E+01  -1.19562614E+02
 288  -1.46567963E+02  -1.29948334E+02  -1.08959862E+02
 289   4.74777184E+01  -4.05011368E+01  -1.24480431E+02
 290   5.85804863E+01  -3.96146736E+01  -1.14340714E+02
 291   1.24676888E+02  -1.73226147E+01  -9.70026932E+01
 292  -1.13290739E+01   6.90169601E+01  -1.33930786E+02
 293  -1.00503616E+01  -7.73917847E+01  -5.70902405E+01
 294  -3.92495461E+01  -6.75633240E+01  -4.83636436E+01
 295  -1.04961281E+02  -5.37802696E+01  -7.45554657E+01
 296  -7.20279541E+01  -4.02761040E+01  -7.90587158E+01
 297  -2.19443741E+01   1.30597412E+02  -5.96901817E+01
 298   3.09226456E+01   9.02105637E+01  -1.04279930E+02
 299  -1.06428322E+02   2.01564426E+01  -7.28638077E+01
 300  -6.19040947E+01  -5.46313744E+01  -1.26225929E+02
 301   8.07353134E+01   6.19559517E+01  -6.20365067E+01
 302   8.09707413E+01   7.32193451E+01  -7.98926010E+01
 303   7.62269592E+01   4.63097191E+01  -9.43050232E+01
 304   6.36591721E+01   5.36633377E+01  -8.01925049E+01
 305   6.23568840E+01   3.44730606E+01  -6.56750336E+01
 306   9.55147476E+01   4.31544342E+01  -4.58259392E+01
 307   5.95738449E+01   1.07634361E+02  -8.28473358E+01
 308   8.07893448E+01   8.00794220E+01  -7.09657059E+01
 309   1.38070190E+02   8.86014633E+01  -9.15233307E+01
 310   1.38703262E+02  -7.16260624E+00  -8.98564377E+01
 311   6.25962944E+01  -1.13371763E+01  -8.62183609E+01
 312  -8.98881531E+01  -8.05837631E+01  -4.52401352E+01
 313  -1.80494003E+02  -4.76596069E+01  -9.12577896E+01
 314   2.49277854E+00  -3.49687004E+01  -4.32773170E+01
 315  -1.09171133E+01  -6.24625587E+01  -2.84778728E+01
 316  -3.12335052E+01   1.67898903E+01  -3.55237885E+01
 317  -4.24632645E+01  -6.64026260E+01  -1.04082741E+02
 318   1.50237091E+02  -3.91159630E+01  -7.88265371E+00
 319   8.94316711E+01  -2.25794010E+01  -1.14473480E+02
 320   9.12905960E+01  -1.80086784E+01  -1.21381325E+02
 321   8.35056534E+01  -1.31300726E+01  -9.89626923E+01
 322   1.74524841E+02  -5.25242538E+01  -6.63340225E+01
 323   9.21861115E+01  -5.53131638E+01  -9.41035080E+01
 324   8.01246109E+01   2.88207436E+00  -1.31647156E+02
 325  -1.34084061E+02   8.31636124E+01  -1.39859848E+02
 326  -1.28170883E+02   9.02428741E+01  -1.57514572E+02
 327   1.24268967E+02   4.28785591E+01  -4.78851814E+01
 328   1.07312813E+02   4.08530998E+01  -3.16808968E+01
 329   1.16918518E+02  -5.58550358E+00  -1.27028984E+02
 330   1.96887238E+02   1.79868400E+00  -1.13042923E+02
 331  -3.13392448E+01  -1.26943642E+02  -7.61766281E+01
 332   6.57843704E+01  -4.85259514E+01  -6.93901596E+01
 333   6.69636765E+01  -2.47616959E+00  -1.04075043E+02
 334  -1.22033356E+02   4.91144524E+01  -7.81567917E+01
 335  -2.38368855E+01   7.91083984E+01  -6.52561264E+01
 336   1.34436321E+00   8.45809708E+01  -4.96436691E+01
 337   8.23847885E+01  -2.10576839E+01  -5.73847542E+01
 338  -2.95287132E+00  -6.69884920E+00  -1.37060944E+02
 339   1.05512800E+01   3.36483078E+01  -5.44125443E+01
 340  -1.64470215E+01   4.58652878E+01  -4.64236832E+01
 341   1.16237206E+02   6.03884735E+01  -7.49265900E+01
 342  -1.15624180E+01  -3.47589149E+01  -6.24640884E+01
 343  -6.97520676E+01   6.24773483E+01  -1.02822975E+02
 344   8.60347214E+01  -2.27346287E+01  -8.01594849E+01
 345  -3.86591697E+00  -7.96997604E+01  -2.02714939E+01
 346   4.28044090E+01  -1.08526649E+02  -4.77015343E+01
 347   7.54130020E+01  -5.43698251E-01  -1.92276120E+00
 348   9.26359253E+01  -1.27408180E+01  -3.78800368E+00
 349   6.52544861E+01   2.70864906E+01  -5.01750374E+00
 350   6.88478928E+01   3.40481720E+01  -1.24105043E+01
 351   8.84188995E+01   1.97259197E+01  -1.10949936E+01
 352   1.73567749E+02   4.98967094E+01  -1.07951836E+02
 353   1.25217422E+02   3.58676758E+01  -9.16840897E+01
 354   3.73397255E+01   1.07267258E+02  -1.40560959E+02
 355  -7.27101278E+00   1.10215103E+02  -1.38238144E+02
 356  -1.08144814E+02  -1.69052906E+01  -1.37001999E+02
 357  -4.31369133E+01  -6.22472382E+01  -1.42824097E+02
 358   2.02249146E+01  -9.36371231E+00  -1.30864044E+02
 359   7.85864029E+01  -1.30446304E+02  -8.27781601E+01
 360  -1.61193802E+02   1.47533426E+01  -8.59596558E+01
 361  -1.31009674E+02   5.73066854E+00  -8.70679016E+01
 362  -1.78418625E+02   7.78454514E+01  -1.20961823E+02
 363  -5.87870216E+01  -6.87132874E+01  -6.81402130E+01
 364  -9.50937729E+01  -7.93879700E+01  -5.70823746E+01
 365  -6.63279724E+00  -6.04893265E+01  -4.21724472E+01
 366  -6.46057892E+01  -3.84465384E+00  -3.51609955E+01
 367  -6.89747543E+01  -1.58270706E+02  -1.12704735E+02
 368   2.66099335E+02   3.40016556E+01  -5.19565353E+01
 369  -6.02041893E+01   6.83387222E+01  -1.09527802E+02
 370   5.39034767E+01   2.48386555E+01  -3.93441849E+01
 371   1.13934128E+02   5.90390205E+01  -7.26987123E+00
 372   1.12820091E+02   4.27607651E+01  -1.36240559E+01
 373   6.89781418E+01  -7.91209869E+01  -6.77055435E+01
 374   2.08854752E+01  -1.09748070E+02  -7.78628769E+01
 375   1.06746689E+02  -9.86928101E+01  -6.41391754E+01
 376  -6.37613449E+01  -4.96607361E+01  -6.71784286E+01
 377   4.70153542E+01  -3.11775494E+01  -7.45858765E+01
 378   4.80707703E+01   7.92239990E+01   1.76335227E+00
 379   1.05427193E+02   1.17523537E+01  -6.24034920E+01
 380  -1.63198029E+02  -3.22892189E+01  -1.24331764E+02
 381  -1.86927536E+02  -6.76188889E+01  -5.09599876E+01
 382  -2.55089905E+02  -4.15838280E+01  -6.17474251E+01
 383  -1.59842148E+02  -3.86410980E+01  -6.04619255E+01
 384  -1.66803345E+02  -6.47379074E+01  -3.87842789E+01
 385   1.10781822E+02  -1.37913151E+01  -3.42308083E+01
 386  -1.45268509E+02  -6.38152657E+01  -1.22404938E+02
 387   7.92023087E+01  -1.59202204E+01  -8.55957947E+01
 388  -7.70122147E+01   5.59412479E+00  -4.51572495E+01
 389  -9.65991592E+00  -8.32676773E+01  -1.25980148E+02
 390   1.35357330E+02  -3.97130737E+01  -7.15635529E+01
 391   6.54650574E+01  -1.17925522E+02  -3.61733818E+01
 392  -1.03664009E+02  -2.41649437E+01  -1.35968597E+02
 393   3.71906128E+01   1.00686386E+02  -1.17333351E+02
 394   7.83968887E+01  -8.36938477E+01  -1.14393784E+02
 395  -1.83492722E+02  -1.02910912E+02  -1.25334595E+02
 396   6.92600632E+01   6.35810318E+01  -2.31114502E+01
 397  -1.78080444E+02   2.34957466E+01  -9.90135269E+01
 398  -4.28900490E+01   6.99575096E-02  -5.01804504E+01
 399   3.81441193E+01   5.20225639E+01  -1.09842819E+02
 400  -2.90526237E+01  -1.27064613E+02  -7.73154449E+01
 401   8.88823471E+01   1.17606331E+02  -2.95059166E+01
 402  -5.04313622E+01  -6.21495895E+01  -1.66517517E+02
 403   8.40246887E+01  -1.55777100E+02  -5.39758072E+01
 404   1.43074951E+02  -1.17869522E+02  -1.43675222E+01
 405   3.60236969E+01  -9.64045792E+01  -1.98902817E+01
 406   4.81450577E+01  -1.07110756E+02  -2.53018665E+01
 407  -1.64833206E+02  -2.90598145E+01  -1.49358215E+02
 408  -6.31538315E+01   1.19937325E+02  -5.19602432E+01
 409  -2.58352325E+02  -3.67922974E+01  -5.19546623E+01
 410  -2.45477615E+02   6.20245171E+00  -3.48209076E+01
 411  -2.38257797E+02  -3.07954388E+01  -3.58290863E+01
 412  -1.44737564E+02   1.34925327E+01  -6.89314194E+01
 413   2.11488342E+02  -7.62317200E+01  -5.49597244E+01
 414   4.43186035E+01  -3.17235565E+01   8.01906490E+00
 415  -1.10929520E+02  -7.38473892E+01  -4.03309021E+01
 416  -1.11230339E+02  -8.01297302E+01  -4.53298378E+01
 417   1.41313675E+02  -7.32477951E+01   2.06708884E+00
 418  -1.99582291E+02   7.94052029E+00  -8.12742767E+01
 419   1.65435165E+02  -9.22202606E+01  -9.28672943E+01
