   1  -2.27154617E+02   2.66350281E+02   1.24779816E+02
   2   1.33665756E+02   2.54573685E+02  -2.44978989E+02
   3  -2.81488556E+02  -5.59346123E+01   2.39976089E+02
   4  -2.54836639E+02  -2.00451859E+02   2.26618683E+02
   5  -2.12879623E+02  -2.12772064E+02  -1.90625977E+02
   6   5.06704750E+01   2.34241150E+02   2.79327148E+02
   7  -5.88293571E+01  -1.47427902E+02  -4.60813713E+01
   8  -1.77932953E+02   5.41847458E+01   2.74663452E+02
   9   1.90986298E+02  -2.09312019E+01   5.31143684E+01
  10  -1.42476044E+02  -2.12557098E+02   2.65372070E+02
  11  -1.04480949E+02  -2.96501404E+02  -1.47272446E+02
  12   1.58292664E+02   2.84728718E+01   4.57199745E+01
  13  -5.76078110E+01  -1.51534414E+01  -1.85702362E+02
  14   7.24426041E+01   1.72075424E+01  -2.71383362E+01
  15  -2.77117634E+01   4.46098785E+01  -1.58397491E+02
  16   1.38074493E+02   1.72922867E+02  -1.88885605E+02
  17  -2.56500671E+02  -9.04610672E+01   2.77563477E+02
  18   1.77666077E+02   1.31001160E+02  -1.12992645E+02
  19  -6.16098251E+01  -1.93805180E+01  -2.51016525E+02
  20   2.16014069E+02  -9.06058350E+01   4.71054192E+01
  21  -1.23892014E+02  -6.86605120E+00   1.20660072E+02
  22  -7.62940264E+00  -1.61939728E+02  -1.67138195E+01
  23   9.24430656E+00   2.07611237E+02   1.06154778E+02
  24  -1.55919952E+02   1.83782547E+02  -7.61803360E+01
  25  -1.71591446E+02   2.11521667E+02  -3.86412277E+01
  26   2.65611877E+02  -9.32073364E+01  -2.59299042E+02
  27   2.34761337E+02   2.18707390E+01  -1.92627823E+02
  28  -2.21979156E+02  -2.47357635E+01  -1.77153671E+02
  29  -1.16434570E+02   8.40984726E+01   2.60624084E+02
  30   9.46997986E+01  -8.28305304E-01  -1.73051548E+01
  31   3.38032722E+01  -2.98944824E+02  -5.13782768E+01
  32   2.01517761E+02   1.28248230E+02  -1.84217316E+02
  33   7.81769562E+00  -7.48645630E+01  -1.60150513E+02
  34  -1.04779465E+02  -9.99102859E+01   1.04758972E+02
  35  -2.28341644E+02  -1.92038975E+01  -1.53503555E+02
  36  -1.60994461E+02  -1.96867615E+02  -3.29720459E+01
  37   2.33549622E+02   2.38388596E+02   5.83491631E+01
  38   1.82896633E+01  -2.79307709E+02   5.41835670E+01
  39   2.25242462E+02   1.37962341E+02  -2.14541687E+02
  40  -5.06823425E+01   7.76086960E+01   1.06505081E+02
  41   1.95731140E+02   1.13378304E+02  -1.75264603E+02
  42   1.91712616E+02   1.80685898E+02   2.44350693E+02
  43   1.41077805E+02  -7.72859955E+01   2.61474457E+02
  44   2.35577652E+02  -5.38694801E+01  -2.33474289E+02
  45  -2.83765015E+02   1.41105637E+02  -2.88429413E+02
  46  -2.99897247E+02   1.09694206E+02  -3.50746536E+01
  47  -1.93209259E+02  -3.71170807E+01  -1.05495461E+02
  48  -2.65040009E+02   1.62757812E+02   2.66157990E+02
  49  -1.79216217E+02   1.03254719E+01   2.38722733E+02
  50   2.29489258E+02  -3.58024445E+01  -3.59097633E+01
  51   1.92977127E+02  -1.89702179E+02   5.53548470E+01
  52  -1.19410194E+02   2.00518997E+02  -8.55623322E+01
  53  -1.50023184E+01   2.11976051E+01  -2.09215958E+02
  54  -2.33099899E+02   1.21890167E+02   6.45617523E+01
  55  -1.26429688E+02  -2.58073425E+01   1.97399689E+02
  56  -2.76958588E+02  -2.20621552E+02   2.55292557E+02
  57   2.49364014E+02  -7.15951004E+01   1.37222153E+02
  58   6.49314957E+01  -2.16664238E+01   1.12115303E+02
  59  -2.36935596E+01   2.38605331E+02   1.25811062E+01
  60   2.56596136E+00   2.39377502E+02   2.76048767E+02
  61   1.83952370E+01  -6.38858070E+01   1.89484222E+02
  62   6.63915253E+01   6.09521408E+01   3.78012824E+00
  63  -2.22074570E+02  -1.27366264E+02   2.97643707E+02
  64  -2.18628621E+00   2.67076813E+02   7.79631424E+01
  65  -3.16158028E+01   2.27534363E+02   2.77615021E+02
  66  -2.83260681E+02  -2.65104828E+02  -7.25582733E+01
  67  -9.00737000E+01   2.52298141E+02  -2.16117142E+02
  68   3.67440300E+01  -1.13476891E+02  -2.45284481E+01
  69   2.98276978E+02  -1.33023148E+02  -8.23755646E+01
  70   2.13258648E+01   1.18102425E+02  -1.89947128E+02
  71   2.05273590E+02  -2.54350906E+02   1.33129593E+02
  72  -5.96717300E+01  -1.63405746E+02   1.37233719E+02
  73   2.20636993E+02   2.20020584E+02   2.48993774E+02
  74  -2.87866547E+02  -6.42108727E+00   1.46472025E+01
  75  -1.06925438E+02   1.64844894E+02   7.63457184E+01
  76   1.63287155E+02   2.47614807E+02  -2.21001511E+02
  77  -1.53893631E+02  -2.83416290E+02   2.20543091E+02
  78   7.29956741E+01  -8.28600616E+01   2.92154846E+02
  79   2.27710403E+02  -1.33350306E+01   1.46215485E+02
  80  -2.10121216E+02  -1.13170906E+02  -1.14827362E+02
  81  -3.94763107E+01  -1.09817215E+02  -2.18789158E+01
  82  -9.66268921E+01  -1.09606064E+02   2.02070435E+02
  83   2.13326645E+02   2.66968719E+02   2.39550964E+02
  84   2.14875214E+02  -2.73566803E+02  -2.39475723E+02
  85   2.37895172E+02  -9.75854645E+01  -1.32865616E+02
  86  -2.69087311E+02   1.80924805E+02   2.93817078E+02
  87   1.41128922E+02   2.35921860E+02   3.95945854E+01
  88   1.80526169E+02  -2.93097382E+02   2.42462311E+02
  89  -1.07557182E+02   4.84049606E+01   2.08503860E+02
  90  -9.00700455E+01  -1.02447998E+02   2.50058960E+02
  91  -2.21587997E+02   2.26640106E+02  -2.43601044E+02
  92   1.39763861E+01  -1.93932800E+02  -1.66802261E+02
  93  -2.76174561E+02   1.89744888E+02  -2.69824158E+02
  94   1.15039780E+02   1.17726845E+02  -2.36176285E+02
  95   6.50109768E+00   2.32091141E+02   1.66204422E+02
  96   1.00376244E+02  -7.63938904E+01  -1.63331635E+02
  97  -9.28766937E+01   9.59565659E+01   6.08322144E+01
  98  -1.70565826E+02  -8.08861160E+01  -1.17096062E+02
  99  -3.85082550E+01  -2.09736679E+02  -1.67394150E+02
 100   1.74756794E+01   1.66208115E+02  -1.20256882E+02
 101   1.14427155E+02  -8.26656494E+01   1.77837891E+02
 102  -1.14849136E+02   2.24615364E+01  -1.24027954E+02
 103  -2.77935822E+02   1.85650101E+02  -1.76381882E+02
 104   7.66441193E+01  -2.85298676E+02   7.35653687E+01
 105  -2.49388580E+02   2.25552414E+02   1.95211624E+02
 106   2.73292725E+02  -3.34931107E+01  -2.12057770E+02
 107  -1.60333221E+02  -1.64188660E+02   1.59151596E+02
 108  -1.07631088E+02  -1.83016434E+02   2.67403137E+02
 109  -3.54666061E+01   7.55192661E+00   2.93340454E+02
 110   2.20535507E+02  -4.82108116E+01  -2.10825409E+02
 111  -1.76389450E+02   1.77453186E+02   1.36065018E+02
 112  -3.00909405E+01  -1.79064575E+02   2.58164825E+01
 113   2.01400223E+02  -3.90410500E+01  -2.06910477E+02
 114   2.34335144E+02   1.61574661E+02  -7.56419907E+01
 115  -2.07924072E+02  -4.26784210E+01  -2.53040207E+02
 116  -6.10886726E+01  -9.46168594E+01   6.29088249E+01
 117   1.24785889E+02  -1.34737076E+02   4.15163269E+01
 118  -1.82079681E+02   1.24513542E+02  -1.59830750E+02
 119   2.72494843E+02   1.92127274E+02   1.26216347E+02
 120   2.33882538E+02   2.42116348E+02   1.50942749E+02
 121   2.60837006E+02  -6.79634714E+00   5.85002747E+01
 122  -6.67362823E+01   2.60103149E+02   4.34080410E+00
 123  -2.44652374E+02   2.64723633E+02   1.99443054E+02
 124  -2.42593155E+02   1.49188812E+02   1.55827347E+02
 125  -1.13410965E+02  -1.16744934E+02   5.18365974E+01
 126  -2.49331909E+02   1.90267395E+02  -2.49812134E+02
 127  -2.72920410E+02   2.96665222E+02   1.68140259E+01
 128   1.11877686E+02  -1.30949890E+02   7.21798172E+01
 129  -2.95648804E+02   2.72087036E+02   1.65008453E+02
 130   2.15881134E+02   2.95351410E+02   1.53167191E+02
 131   9.97250938E+00  -5.57391434E+01  -1.74517151E+02
 132   1.45773563E+01   1.33408737E+02  -1.73688599E+02
 133  -2.76131805E+02   2.24577759E+02   1.48858597E+02
 134   1.01082527E+02  -1.50472443E+02   1.83319817E+01
 135   1.25083725E+02  -7.27313690E+01  -1.92849152E+02
 136  -9.35524445E+01  -8.53976669E+01   5.60926895E+01
 137   2.33515686E+02  -1.38908358E+01  -2.05332993E+02
 138  -2.95181580E+02   1.74158325E+02   2.95453644E+02
 139   2.07961136E+02   2.62616211E+02   1.93176407E+02
 140  -1.84061813E+02   2.80344299E+02  -2.05262161E+02
 141  -1.60578117E+01   2.75266602E+02   5.57476845E+01
 142   2.57263611E+02  -3.65296021E+01  -1.49477875E+02
 143   3.01004429E+01  -9.03512115E+01  -2.24210602E+02
 144  -6.91972504E+01  -7.85679092E+01   4.31052399E+01
 145  -1.16995964E+02  -6.02236404E+01  -2.25606689E+01
 146   2.93217163E+02   2.98379852E+02   1.45419312E+02
 147  -2.18975067E+02   1.90949631E+02  -2.06671555E+02
 148   1.45075409E+02   1.50483536E+02   2.03491989E+02
 149  -1.90930283E+02   1.31345261E+02  -1.73031860E+02
 150  -2.24281479E+02   1.26415924E+02  -1.57328690E+02
 151  -1.16202957E+02  -1.68531326E+02   8.30627728E+00
 152   3.33322296E+01   2.29531815E+02   1.22641449E+02
 153  -1.06486969E+02   2.83035400E+02  -5.35163460E+01
 154   2.80999023E+02  -2.16710678E+02  -9.38117981E+01
 155   4.98344879E+01  -2.96957550E+02   7.29141235E+00
 156   5.09084663E+01  -2.37672363E+02   4.90334778E+01
 157  -2.69778900E+02   2.61190552E+02  -1.90823959E+02
 158   4.83431969E+01  -2.89729248E+02   3.64385376E+01
 159  -2.07392120E+02   2.30329163E+02   2.34401901E+02
 160   1.95337708E+02   8.21568756E+01   1.68167969E+02
 161   2.69183167E+02  -2.35111084E+02   4.73045082E+01
 162  -2.48631271E+02  -2.32781708E+02   2.94469086E+02
 163   2.43041382E+01  -1.85659164E+02   5.75199471E+01
 164  -7.83588409E+01  -1.55750320E+02   7.89124832E+01
 165   8.91792526E+01   1.32838501E+02  -1.87007980E+02
 166  -6.31550884E+00  -8.02179871E+01  -1.70636658E+02
 167   9.72959213E+01   1.98516479E+02   1.40078354E+02
 168   9.30113220E+01  -1.00713440E+02  -1.83835144E+02
 169   6.61451197E+00  -7.64596405E+01   7.23419571E+01
 170   1.13835354E+01  -7.43976898E+01  -1.72031128E+02
 171  -1.94673141E+02  -7.70353394E+01   1.71747303E+01
 172  -3.82207489E+01   1.86998795E+02  -1.59754730E+02
 173   1.61728485E+02  -2.86797638E+02   5.68118401E+01
 174   1.35787872E+02   2.25591751E+02   1.97219650E+02
 175  -3.18373699E+01  -2.95306732E+02   5.17765732E+01
 176   1.04868698E+01  -2.24557297E+02   6.33336906E+01
 177  -1.65438522E+02  -6.82743378E+01   8.06751442E+00
 178  -2.95764679E+02   2.57664413E+01   1.18581095E+01
 179   2.20480835E+02  -9.60310745E+01  -2.05580826E+02
 180   1.83124237E+02  -5.30864754E+01  -1.82317673E+02
 181  -1.65934082E+02   7.28215332E+01  -1.63411346E+02
 182   1.20551170E+02  -3.50874023E+01  -2.15932632E+02
 183   1.74573730E+02   2.42389450E+02   2.06273468E+02
 184  -1.66710739E+02   2.56211884E+02  -1.81489594E+02
 185   2.06254501E+02  -2.40557968E+02   9.44220734E+01
 186  -1.18813904E+02   6.66777725E+01   7.64410400E+01
 187  -1.88275345E+02   2.85516876E+02   1.92196365E+02
 188  -2.33454071E+02   1.02087952E+02   2.98352722E+02
 189   2.91736176E+02   1.94322433E+02  -1.92942841E+02
 190  -7.85079041E+01  -6.77107925E+01   5.26713257E+01
 191  -1.30135681E+02  -1.72634415E+02   6.74340363E+01
 192  -2.11476650E+01   1.96939049E+01  -7.76606979E+01
 193  -1.31774002E+02  -1.10115387E+02  -2.09716690E+02
 194   1.41788834E+02   2.56049622E+02   1.81493073E+02
 195  -2.05718796E+02   2.85938263E+02  -1.70613434E+02
 196   4.15223846E+01  -1.79295120E+01  -1.90446793E+02
 197  -2.30143326E+02   2.22359268E+02  -1.52440735E+02
 198   2.03877655E+02  -1.58232498E+02  -1.54583786E+02
 199  -2.36245499E+02   2.61991638E+02  -1.97434174E+02
 200   6.59299927E+01  -7.70365753E+01  -1.12597519E+02
 201  -1.09471619E+02   1.75313950E+02  -2.04396881E+02
 202  -5.30644684E+01   3.90754776E+01   2.10099609E+02
 203  -7.30031281E+01   7.32484281E-01  -1.93590927E+02
 204  -7.42423248E+01  -4.99142647E+01  -2.25991165E+02
 205   2.28038651E+02   1.80863846E+02   1.49300217E+02
 206  -1.95308350E+02  -7.59729004E+01  -3.11275053E+00
 207  -2.27119797E+02  -2.21560764E+00  -1.89544266E+02
 208   2.45521912E+02   2.13636017E+02   1.15050964E+02
 209   2.38830627E+02  -2.85993622E+02   8.01576233E+01
 210  -8.85298920E+01  -6.77448196E+01   2.98690662E+01
 211  -1.51180771E+02  -1.43595520E+02   2.58650990E+01
 212  -1.63601562E+02  -5.66813889E+01  -2.05061203E+02
 213   2.69666260E+02  -2.63546925E+01   1.09259270E+02
 214  -1.14015144E+02  -1.48090927E+02  -7.97320251E+01
 215  -1.06995979E+02   2.25751572E+02  -2.01418839E+02
 216  -1.48680511E+02   1.38418533E+02  -1.52098892E+02
 217   1.10121651E+02  -2.54221664E+02   8.83766937E+01
 218   2.60358829E+01  -3.64512138E+01  -5.20491257E+01
 219  -1.00561272E+02  -4.36783447E+01   4.91372261E+01
 220   6.67398071E+01  -2.97913513E+02  -1.64125198E+02
 221   2.46853043E+02   2.75108093E+02   1.78457855E+02
 222   2.25455292E+02   2.55315018E+02   1.17108116E+02
 223   2.47302917E+02   6.42601395E+01  -2.22396713E+02
 224  -2.28229248E+02   2.81790161E+02   2.19252075E+02
 225  -5.89346085E+01  -4.74397774E+01  -2.16465195E+02
 226   4.99037476E+01  -1.58247513E+02  -1.62681778E+02
 227   2.09244324E+02   2.56581116E+02   1.60349289E+02
 228   1.09552460E+02  -1.16177483E+02   2.39874420E+02
 229   1.16998817E+02   2.89305023E+02   4.48880806E+01
 230  -2.17202896E+02   1.91382462E+02  -1.86054199E+02
 231  -2.19361618E+02   2.56933655E+02   1.90052597E+02
 232   2.00594574E+02  -6.84594421E+01  -1.80508316E+02
 233  -1.93110886E+02  -1.05198845E+02   4.23542786E+01
 234  -2.81309143E+02   2.24894943E+02  -1.62253510E+02
 235   1.46929398E+02   2.31729721E+02   1.35038177E+02
 236  -2.38080963E+02   2.38987457E+02   1.99834000E+02
 237  -2.46154877E+02  -1.37730545E+02   2.11537170E+02
 238   2.00660065E+02  -2.54033447E+02   8.64048233E+01
 239   2.83962738E+02   2.35366409E+02   1.90153793E+02
 240   3.60843887E+01  -2.27536026E+02   7.64705276E+01
 241   1.64333557E+02   2.89592926E+02   2.38782852E+02
 242   8.87203445E+01   2.50907059E+02   7.40505066E+01
 243   1.82384384E+02   1.07685928E+02   2.36858170E+02
 244  -4.87038040E+01  -1.41747467E+02   3.54072266E+01
 245  -1.27503769E+02  -1.54397278E+02   1.96274624E+01
 246  -1.43345917E+02  -1.93644318E+02   6.21345940E+01
 247   1.70778976E+02  -2.49084747E+02   8.13126297E+01
 248  -9.49297619E+00  -2.90692596E+02  -1.69125610E+02
 249  -6.35515442E+01   2.02849617E+01  -1.14757843E+02
 250   1.46275696E+02  -1.28284042E+02  -2.00554962E+02
 251  -2.89448364E+02   1.90814011E+02   1.70045380E+02
 252   2.89512238E+02   2.40196548E+02   2.17519440E+02
 253  -1.35132431E+02  -1.59542732E+01   1.97484627E+01
 254   5.57962799E+01  -1.31337433E+02  -3.36429930E+00
 255  -1.46498291E+02  -1.72508636E+02   5.79926453E+01
 256   2.95977722E+02   2.41269562E+02   1.71091339E+02
 257   8.44031143E+01  -2.40707840E+02   2.96902527E+02
 258   4.31173820E+01  -2.62534241E+02   9.46103210E+01
 259   1.67184235E+02   2.30974487E+02   1.81182327E+02
 260   1.90397995E+02  -2.18630234E+02   8.98239212E+01
 261   1.40077942E+02  -2.49490814E+02   8.37498474E+00
 262   1.80837288E+01  -1.07535576E+02   2.33082561E+01
 263   1.44270676E+02  -2.58471799E+00  -2.03934006E+02
 264  -2.66865158E+01   1.56075546E+02  -1.41972946E+02
 265  -2.20050597E+00  -1.02578522E+02  -1.67600891E+02
 266   2.08026840E+02  -1.35754471E+02   2.32899170E+02
 267   2.93981384E+02   2.88930389E+02   2.24373871E+02
 268   2.28403076E+02   1.98727005E+02   1.06999527E+02
 269   1.54142334E+02  -2.29740509E+02   1.65968445E+02
 270   4.62220993E+01  -2.39124191E+02   7.37753906E+01
 271   1.15285149E+02  -2.12321213E+02   2.16818848E+01
 272   4.52862434E+01   1.82789429E+02  -1.73246170E+02
 273  -7.97151184E+01  -1.14644768E+02   8.25312119E+01
 274   1.63924133E+02  -9.83192825E+01  -1.92120544E+02
 275   8.35434723E+00  -9.73193817E+01  -1.58900925E+02
 276   2.91682922E+02   2.53869354E+02   1.99804291E+02
 277  -2.98969238E+02   2.92676117E+02  -1.68313263E+02
 278   1.04337517E+02  -1.26349152E+02  -1.51720062E+02
 279  -2.55392151E+02  -1.01053589E+02  -9.86641235E+01
 280   1.97071503E+02  -2.62609234E+01  -1.97370193E+02
 281   8.90520554E+01  -1.54163757E+02  -8.90628040E-01
 282  -2.32830453E+00   2.93012054E+02  -1.62752121E+02
 283   1.04741966E+02  -1.77216660E+02   3.70049782E+01
 284   3.54651756E+01  -1.22206963E+02  -1.85540482E+02
 285  -1.50244904E+02   2.27546265E+02  -2.48059692E+02
 286   5.32854500E+01   1.71049026E+02  -1.34884598E+02
 287  -1.58973358E+02   2.70297699E+02   2.96594330E+02
 288   2.64248260E+02   2.29116867E+02   1.54293472E+02
 289   2.35142914E+02  -7.23706894E+01  -2.15957565E+02
 290  -1.65932495E+02   2.49870728E+02  -1.81442307E+02
 291  -3.54810923E-01   2.25124435E+02  -1.88409531E+02
 292  -2.99812805E+02  -1.14093636E+02   2.03686203E+02
 293   2.27342255E+02   2.70418396E+02   1.30098862E+02
 294   2.82794159E+02   2.21317154E+02   1.53997498E+02
 295   1.53881668E+02   2.86774933E+02   6.57997131E+01
 296  -2.31160126E+02   1.80992355E+02  -2.18844742E+02
 297  -1.06435455E+02   1.93613235E+02  -1.45624329E+02
 298   7.48372192E+01  -2.25999893E+02   2.19704266E+01
 299  -2.84969696E+02   1.97892059E+02   1.32263794E+02
 300  -2.56586121E+02   2.14655777E+02   1.52409454E+02
 301   4.88760033E+01  -2.25249908E+02   3.92792358E+01
 302   5.92912712E+01   1.78007111E+02  -1.13246979E+02
 303   1.13626190E+02  -2.74576538E+02   5.39512138E+01
 304   8.85613632E+01  -2.67801239E+02   2.03766594E+01
 305   1.73841614E+02   1.70773453E+02  -2.38697876E+02
 306   4.70509148E+01  -1.82257797E+02  -3.32814169E+00
 307  -2.15481930E+01  -1.19791359E+02  -1.74267120E+02
 308  -1.00284645E+02  -1.22109978E+02   6.34131126E+01
 309   2.68627167E+02  -2.47805420E+02   9.23263168E+01
 310   1.25104683E+02   2.82269043E+02   8.73469467E+01
 311   2.74366516E+02  -2.20797852E+02   2.08902618E+02
 312   7.31068039E+01  -3.55496330E+01  -1.95391937E+02
 313  -1.10623634E+02   1.95664200E+02  -1.93695847E+02
 314  -1.70950256E+02   1.14232475E+02   1.97945190E+02
 315   8.42839737E+01  -3.99403305E+01  -1.96138947E+02
 316   2.19082886E+02   2.80429993E+02   1.41405029E+02
 317  -1.15333321E+02   1.59420776E+02  -1.77903046E+02
 318   6.69207230E+01  -1.08774284E+02   2.46244259E+01
 319  -7.34079361E+01  -1.65362915E+02   5.18000183E+01
 320   1.85996536E+02   2.50608856E+02   1.86658707E+02
 321  -1.90724762E+02  -2.46616196E+02   1.62673950E+02
 322   2.98008037E+00  -1.24062210E+02   6.90528793E+01
 323   2.78724152E+02   2.42131363E+02   2.38949615E+02
 324  -5.71334305E+01  -1.17025238E+02   1.74720840E+01
 325  -2.61692200E+02   2.61520935E+02   2.27816803E+02
 326   1.33629837E+02   2.23212799E+02   1.86457077E+02
 327   1.06228683E+02  -2.91205505E+02  -1.76849957E+01
 328  -2.72700562E+02   2.33835968E+02   1.23252060E+02
 329   9.77056351E+01  -1.17594116E+02  -2.10140900E+02
 330  -1.06200691E+02  -1.31227112E+02  -1.90298264E+02
 331   1.67135529E+02  -1.02738014E+02  -1.35626328E+02
 332   1.39283508E+02  -2.90109650E+02   1.39853577E+02
 333   4.92995682E+01  -1.03159248E+02  -1.72453888E+02
 334   4.97897148E+00  -7.68988495E+01   4.75341759E+01
 335   1.68377171E+01  -6.97773132E+01   6.02307854E+01
 336   1.98643051E+02   2.21048594E+00  -1.89278473E+02
 337  -6.62887344E+01   1.52221207E+02  -1.68120453E+02
 338  -1.53482712E+02   1.59974548E+02  -1.92249527E+02
 339   4.46194916E+01  -1.67585541E+02  -2.20343277E+02
 340   9.34576111E+01   2.81697021E+02   3.25010910E+01
 341   1.84218521E+02   1.79993530E+02   1.15597504E+02
 342   1.03832535E+02  -1.54268677E+02   4.93828316E+01
 343  -2.27218456E+01  -5.11619759E+01  -1.85121780E+02
 344  -2.73521942E+02  -2.91147888E+02   2.02830017E+02
 345  -2.51060013E+02   2.80503418E+02  -1.86405853E+02
 346  -5.90084801E+01  -1.60756210E+02  -4.04604149E+00
 347   1.56243105E+01  -1.82624191E+02   3.36213760E+01
 348   2.65589752E+02   1.37776276E+02  -7.84446716E+01
 349   4.51991501E+01  -1.37274887E+02  -1.71105713E+02
 350   7.54997635E+01  -6.62045364E+01   7.13751602E+01
 351  -4.86604843E+01  -3.29673691E+01   8.75864410E+00
 352   8.55081177E+01  -2.74944172E+01   9.73005600E+01
 353   2.40892044E+02   2.61597778E+02   1.07656654E+02
 354   1.38944931E+02   2.85072662E+02   1.28015274E+02
 355   2.45183258E+02  -3.11408634E+01  -1.77796295E+02
 356  -1.04145226E+02   2.47488068E+02  -1.75814850E+02
 357   1.28085464E+02  -1.26963310E+02  -2.26271576E+02
 358   6.56718597E+01  -1.76079285E+02   1.05606911E+02
 359   1.08847107E+02   1.67474869E+02   1.48386932E+02
 360  -2.86186493E+02   2.17624268E+02   1.94176865E+02
 361   1.36334105E+01   2.10814789E+02   1.70241043E+02
 362   3.57242546E+01  -8.53385162E+01  -1.93784042E+02
 363  -2.95453400E+02  -2.73402039E+02   1.04952362E+02
 364   1.11204025E+02  -2.99702179E+02  -2.60807434E+02
 365  -6.52939682E+01   2.02258865E+02  -1.83168396E+02
 366   2.02946991E+02  -1.37668991E+02   2.29090103E+02
 367  -1.17786579E+01   9.65824509E+01  -1.73501434E+02
 368   7.53324890E+01   1.66314117E+02  -2.74136414E+02
 369   7.41167755E+01   1.02304390E+02  -2.40853977E+00
 370  -2.58434998E+02   2.50019043E+02   1.96346436E+02
 371   2.20179794E+02  -8.68064575E+01  -2.19146164E+02
 372   7.03209305E+01  -1.51226151E+02   1.38161209E+02
 373   2.85391296E+02  -2.14830978E+02  -1.18665443E+02
 374  -1.60761509E+01  -7.36310196E+01  -1.90311279E+02
 375   1.40350754E+02  -2.16673374E+01  -2.16720551E+02
 376  -1.68415649E+02   1.40932449E+02  -1.81851303E+02
 377  -2.42664661E+01  -6.76197052E+01   3.61676369E+01
 378   8.55565414E+01  -1.62800903E+02   9.78171539E+01
 379  -1.90537891E+01  -1.51230148E+02  -1.22888460E+01
 380  -2.70426819E+02   2.14792389E+02   1.98457642E+02
 381  -1.87166000E+02  -1.89750481E+01   2.87109566E+01
 382  -4.78197479E+01  -6.96516800E+01   6.78365097E+01
 383  -1.55562469E+02   1.40864441E+02  -1.06659958E+02
 384   5.19154205E+01  -1.06586700E+02  -2.17456039E+02
 385   1.01334808E+02  -1.28370865E+02   3.32829666E+01
 386   5.70996895E+01  -1.17291451E+02  -2.46782532E+02
 387  -1.52768997E+02   1.70726746E+02  -1.86712448E+02
 388   5.49366608E+01  -2.95134247E+02   2.56662464E+01
 389  -2.48876923E+02  -2.09653885E+02  -1.93504456E+02
 390   5.64025726E+01  -2.86154747E+01  -1.70972717E+02
 391   1.57382660E+02  -1.12438118E+02  -1.98066620E+02
 392  -2.94324703E+01   2.16757446E+02  -1.91678223E+02
 393  -2.10193726E+02   2.10727722E+02   1.75380890E+02
 394  -1.24128677E+02  -1.63512115E+02   6.37261505E+01
 395  -1.95020752E+02   2.03656235E+02  -1.74465515E+02
 396  -2.29877548E+02   2.94772522E+02   2.15215851E+02
 397   1.59579865E+02   2.13467636E+02   1.83675934E+02
 398   1.40267258E+02   2.49383087E+02   1.36687256E+02
 399  -1.87985565E+02  -1.56156677E+02  -1.07129204E+02
 400  -2.48157730E+02   2.41682083E+02  -1.71967209E+02
 401  -8.58969269E+01   1.76999344E+02  -1.53648773E+02
 402   2.62134583E+02   1.96195190E+02   1.84746506E+02
 403  -6.42607651E+01   2.09016678E+02  -1.83709579E+02
 404   5.14937248E+01   1.36391693E+02  -1.82387039E+02
 405  -4.74256973E+01   2.26795319E+02  -1.90986404E+02
 406  -2.47260712E+02   2.65944824E+02   2.15559616E+02
 407   9.69446716E+01  -4.26085281E+00  -2.13921570E+02
 408   2.39995712E+02  -3.97919345E+00  -2.06653778E+02
 409  -2.61633942E+02   5.91963272E+01  -2.94066437E+02
 410  -1.29300781E+02  -5.53613319E+01   8.80673370E+01
 411  -8.42290115E+00  -1.71839874E+02   6.18669891E+01
 412   1.32490494E+02  -1.43675446E+02   3.57397728E+01
 413  -1.88825340E+01  -2.88018829E+02   3.26931310E+00
 414  -7.59576416E+00  -1.92853485E+02   7.65484905E+00
 415   4.85093803E+01  -2.31610321E+02  -5.57004242E+01
 416   1.59084290E+02   2.77457428E+02   1.52632065E+02
 417  -2.89207031E+02   2.26679474E+02   1.57546265E+02
 418  -8.15822830E+01   1.54701385E+02  -1.69286072E+02
 419   2.17021774E+02  -1.03385334E+01  -1.99158813E+02
 420   1.27562767E+02  -1.22713066E+02   6.69647064E+01
 421  -1.19984503E+01   2.67276398E+02  -1.79737778E+02
 422   2.67874176E+02   1.08866096E+02   2.39993103E+02
 423  -4.43078876E-02  -1.37129501E+02   4.69256783E+01
 424  -1.19113197E+02   1.94038940E+02  -2.11015976E+02
 425  -8.59095688E+01  -2.84506165E+02   2.97505054E+01
 426   1.40971207E+02   2.18130768E+02   1.30955002E+02
 427  -7.83683548E+01  -1.75136002E+02   5.64474201E+00
 428  -1.56706009E+02   2.28535980E+02  -1.47309357E+02
 429   2.06438232E+02  -4.23715782E+01  -1.74676559E+02
 430   1.07364494E+02  -1.77292633E+02   8.09009323E+01
 431  -2.23539230E+02   9.21853638E+01  -1.79867752E+02
 432  -1.01803337E+02  -1.04025787E+02  -2.30375397E+02
 433   1.88159592E+02  -1.16760353E+02  -2.03143051E+02
 434   2.42250763E+02   3.32415128E+00  -1.90118240E+02
 435   1.95757427E+01   2.24971481E+02  -1.59511383E+02
 436  -2.41055862E+02   1.31066147E+02  -1.14290512E+02
 437   6.83379593E+01  -1.65732803E+02   8.34714737E+01
 438  -1.42401123E+02  -1.79054840E+02   2.14996452E+01
 439   5.86187859E+01   2.89245056E+02   3.95918770E+01
 440   3.36206589E+01   4.44115486E+01   1.85894440E+02
 441   1.85827881E+02   2.44186813E+02   1.96511337E+02
 442   2.13043213E+02   1.78163269E+02  -3.17443771E+01
 443   1.64517193E+01  -1.02582771E+02   7.27622795E+00
 444  -5.04024734E+01  -1.26434570E+02  -1.85017685E+02
 445  -5.47545280E+01  -2.78382721E+02  -1.34480927E+02
 446   2.33025421E+02  -2.47555780E+00   2.17096863E+01
 447   2.64466064E+02  -1.94428207E+02   6.77206116E+01
 448   2.22669495E+02   1.94553528E+02   1.78925781E+02
 449   9.34912033E+01  -1.19376053E+02  -1.53004395E+02
 450   8.45871277E+01   2.70856140E+02   1.80204758E+02
 451   1.82358017E+02   2.92728821E+02   6.00233345E+01
 452  -3.16282101E+01  -2.74281769E+01  -2.10753586E+02
 453   1.31831398E+01  -7.85914850E+00   4.91921272E+01
 454  -1.23825813E+02  -4.95129433E+01  -2.57410187E+02
 455   2.48770233E+02   1.42860886E+02   2.08991989E+02
 456  -2.27352539E+02  -2.27815536E+02   9.99288940E+01
 457  -1.71815262E+02   1.63952774E+02  -1.61130356E+02
 458   1.93395691E+02   2.42665970E+02   1.34058777E+02
 459   2.48759857E+02  -7.74231262E+01  -1.61166779E+02
 460  -2.63594299E+02   1.82649155E+02   1.41971039E+02
 461  -1.36905411E+02   2.80719147E+02  -1.60826340E+02
 462  -2.11935516E+02   1.79036407E+02  -2.37583847E+02
 463  -1.07898689E+02  -3.49682350E+01   2.11142311E+01
 464  -2.42946110E+01  -1.78220795E+02   6.38580856E+01
 465  -1.52995850E+02   1.13995682E+02   2.48472462E+01
 466  -1.89807358E+01  -2.50485668E+01  -2.29017883E+02
 467  -7.55134888E+01   2.05587143E+02  -1.84513397E+02
 468   1.90748428E+02   1.31692825E+02  -1.98287354E+01
 469   5.49237862E+01   2.04863373E+02  -2.94903809E+02
 470   2.28535110E+02   8.85747604E+01  -1.73733017E+02
 471   2.15531662E+02  -4.54691086E+01  -2.04009720E+02
 472   6.20626945E+01  -1.16062042E+02  -1.88561066E+02
 473  -1.00140610E+02   1.84549835E+02  -1.34049240E+02
 474   2.19797729E+02  -4.91974220E+01  -2.10197800E+02
 475  -1.84391220E+02  -1.59846252E+02  -2.23214550E+01
 476  -2.78510437E+02   2.65222595E+02  -1.71830383E+02
 477   2.21605148E+02   2.41121811E+02   1.32559570E+02
 478   1.29635071E+02   9.80824127E+01  -6.77928848E+01
 479   5.73449402E+01  -8.22702866E+01  -1.99283035E+02
 480   9.17620926E+01  -1.92576035E+02   2.35335892E+02
 481  -2.92439890E+00   2.81820862E+02  -1.56107361E+02
 482  -6.33641291E+00  -2.07685135E+02   1.72243748E+01
 483  -1.15999931E+02  -8.78130569E+01  -1.98142868E+02
 484  -2.91709778E+02   2.54941132E+02   1.83755173E+02
 485   1.63828201E+02   2.22105118E+02   1.58692871E+02
 486   7.65332031E+00   1.88348251E+02  -1.88680664E+02
 487   1.68081055E+02  -2.36472748E+02   4.73421288E+01
 488  -8.57479782E+01  -4.72649689E+01   4.40645218E+01
 489  -1.30076767E+02  -1.12075447E+02   6.37143669E+01
 490   8.42968063E+01  -3.34998589E+01  -2.28105972E+02
 491  -1.60097961E+02   2.02367691E+02  -1.75169464E+02
 492   6.22317924E+01  -1.45482712E+02   1.17592209E+02
 493  -7.67549820E+01  -7.34011383E+01   2.55195370E+01
 494   1.14617668E+02  -1.25136490E+02   5.09400711E+01
 495  -1.40811096E+02  -2.82266754E+02  -1.79066437E+02
 496   1.29734680E+02  -2.82989105E+02   7.44411011E+01
 497   1.55878616E+02   2.76161957E+02   1.42890656E+02
 498  -1.47173508E+02  -6.02775688E+01  -2.12587585E+02
 499   9.70337524E+01  -1.02068567E+00  -1.95178909E+02
 500   2.14116608E+02   2.75656494E+02   1.52387558E+02
 501   2.59127991E+02   2.84925659E+02   1.48835297E+02
 502   1.52339828E+02   2.13451385E+02   2.94214691E+02
 503   8.59304504E+01  -7.88103180E+01   4.79438248E+01
 504  -4.51661873E+01   2.63480042E+02  -1.77821518E+02
 505   1.37421370E+01   1.40986359E+02  -1.03989822E+02
 506   5.14476662E+01   1.67888275E+02   4.78806992E+01
 507  -2.05203888E+02  -1.11008568E+02   2.16994644E+02
 508   5.77456017E+01  -2.70425781E+02   6.58722916E+01
 509   1.48937210E+02  -1.24974579E+02   2.21726704E+01
 510   1.38616524E+01  -2.15236416E+01   4.64653587E+01
 511  -2.08672043E+02   2.45943527E+02  -1.73690475E+02
 512  -3.76793060E+01   2.36223618E+02  -1.14662659E+02
 513   1.38935074E+02  -9.33032894E+00  -2.23904968E+02
 514   4.29513512E+01   2.43251038E+02  -1.34642441E+02
 515   5.75843887E+01  -2.15180344E+02   7.55182877E+01
 516  -6.58588333E+01   2.84062927E+02  -1.40832123E+02
 517   4.22507706E+01  -8.17835083E+01  -2.05723587E+02
 518   2.77694275E+02   2.93527893E+02   1.92139771E+02
 519   2.07719971E+02   2.23700897E+02   1.99819290E+02
 520   1.61337805E+00   4.15212860E+01  -2.30141937E+02
 521   2.06109161E+02  -2.20406971E+01   6.64505386E+01
 522  -6.35028801E+01  -4.59427452E+01  -5.36961746E+00
 523   6.74221954E+01  -2.11222610E+02   1.88011532E+01
 524   9.28935165E+01  -8.92429123E+01  -2.25636780E+02
 525   2.62075775E+02   1.88488266E+02   1.12953873E+02
 526   6.42868576E+01   2.08764862E+02   1.66338867E+02
 527   2.32124420E+02   2.55722809E+02   1.32903381E+02
 528  -9.34291363E-01  -2.47903702E+02  -1.22942039E+02
 529  -8.78909988E+01   7.05650663E+00   3.23806458E+01
 530  -1.35932327E+02  -9.68669891E+01   9.01402817E+01
 531   4.61681252E+01  -6.75006943E+01   4.26216011E+01
 532  -3.19784946E+01   1.39833878E+02  -1.63086136E+02
 533   1.55021317E+02  -1.52001312E+02  -2.00643707E+02
 534   9.47171249E+01  -1.18121414E+02  -1.91514725E+02
 535   1.08975658E+01  -2.92794552E+01   4.19820366E+01
 536  -2.28418312E+01   1.99534866E+02  -1.66655441E+02
 537   1.38353714E+02   2.42105957E+02   1.66905792E+02
 538   1.79484692E+01  -8.27076492E+01  -1.76552261E+02
 539   2.03572449E+02  -9.53825607E+01  -1.77771637E+02
 540  -2.99723511E+02  -5.68907204E+01  -2.04781799E+02
 541  -1.37208206E+02   1.86686783E+02  -2.07849655E+02
 542   1.31633179E+02  -6.53175278E+01  -1.99974274E+02
 543   1.06863861E+02  -1.07024361E+02  -2.20890274E+02
 544   4.38898849E+01  -1.35538651E+02   3.36438675E+01
 545   1.85675552E+02  -2.59076935E+02   3.56818237E+01
 546  -6.98350677E+01  -8.15904541E+01   2.68667053E+02
 547  -1.01617584E+02   3.64464645E+01   1.19491791E+02
 548   1.87801544E+02   2.08160461E+02   1.95987778E+02
 549  -1.35318924E+02  -1.05950180E+02   6.18887100E+01
 550   5.62297134E+01  -1.68303314E+02   1.08856306E+01
 551   8.54384918E+01  -2.30661087E+02   4.47790565E+01
 552  -2.61461731E+02   2.36438553E+02  -2.34140823E+02
 553  -2.56743183E+01  -1.41529556E+02   4.13517036E+01
 554   9.77116928E+01   3.77781906E+01   2.50625687E+02
 555   1.74331619E+02   2.40909134E+02   1.86457809E+02
 556   2.63935974E+02   2.04372253E+02  -2.19728043E+02
 557  -2.19073074E+02  -2.71821289E+02   2.19982330E+02
 558   1.10747404E+01   2.25942825E+02  -1.48248260E+02
 559  -2.79977448E+02   2.71761108E+02  -2.03799011E+02
 560   1.76307434E+02   1.84852097E+02   1.18101166E+02
 561   2.45823883E+02   2.70073914E+02   1.31946426E+02
 562   2.76020813E+02   2.29819305E+02   1.88614365E+02
 563   5.43766670E+01  -1.16627930E+02   1.07035591E+02
 564  -1.33163818E+02  -1.59050842E+02   5.21795998E+01
 565   4.95891113E+01  -5.17188110E+01  -1.65764832E+02
 566  -8.16786728E+01   1.45756851E+02  -1.47559357E+02
 567   2.74716888E+02   2.63137878E+02  -1.57348740E+02
 568   2.55311142E+02   2.43746033E+02  -1.86219513E+02
 569  -9.56658936E+01   2.08971100E+02  -1.55911865E+02
 570   1.05885590E+02   1.82798203E+02  -1.40666718E+02
 571   4.03089218E+01   1.45174271E+02  -1.67452911E+02
 572   1.23056519E+02  -2.30277924E+02   6.33951759E+01
 573   5.14691658E+01  -7.39552155E+01  -1.63327393E+02
 574  -1.65339661E+01  -1.26182976E+02   1.02523003E+01
 575   5.59610033E+00  -1.35114822E+02   3.10189781E+01
 576   5.54903603E+01  -1.53403671E+02   5.27221336E+01
 577  -2.43119537E+02   2.48615326E+02  -1.55578506E+02
 578   2.07789932E+02  -2.31161636E+02   7.77474289E+01
 579   1.20646965E+02  -1.81142059E+02   6.65136948E+01
 580   2.49787521E+02   2.79989197E+02   1.83926376E+02
 581  -1.48257950E+02  -1.12061043E+02   3.22311020E+01
 582   1.90920029E+02  -1.14289009E+02  -1.93685135E+02
 583  -1.85581646E+01  -6.03413582E+01  -2.02926407E+02
 584  -1.93807411E+01  -3.13147297E+01   7.47128220E+01
 585  -5.42447901E+00  -2.04961533E+02   4.38234215E+01
 586   2.15764786E+02   2.05144928E+02   1.96470535E+02
 587  -2.33746445E+02  -1.74583176E+02  -3.92289200E+01
 588  -1.77966599E+02   2.21337540E+02  -1.41464813E+02
 589  -1.30923462E+02   1.89544052E+02  -1.91232285E+02
 590   9.19185028E+01  -2.33505447E+02   2.88568821E+01
 591   1.92498993E+02   3.77780533E+01  -1.64774384E+02
 592  -1.72198212E+02   2.35239914E+02   1.68127689E+01
 593  -6.44387970E+01  -1.14800903E+02   5.87303123E+01
 594  -1.30118301E+02  -8.59841690E+01   1.32363987E+01
 595  -1.05674339E+02   2.81516693E+02   2.91907501E+02
 596  -1.36907333E+02   2.38719666E+02  -1.64551041E+02
 597   9.44671783E+01  -1.50557053E+02  -2.61902866E+01
 598  -5.43998032E+01   2.65312103E+02  -1.75444565E+02
 599   6.41268845E+01  -1.38071167E+02  -2.22095367E+02
 600   1.10849510E+02  -1.49228134E+02   5.85641670E+01
 601   5.02092667E+01  -2.43565628E+02   7.90132980E+01
 602   7.89606552E+01  -1.53214630E+02   4.77248726E+01
 603   1.83198151E+02  -1.85382523E+02   7.54277802E+01
 604   2.11954773E+02   2.49887604E+02   1.14301567E+02
 605   1.22447433E+02  -4.83163147E+01  -1.68841537E+02
 606  -2.63001404E+02   2.09943375E+02  -1.63624603E+02
 607   2.72095093E+02   2.21122421E+02   1.70123230E+02
 608   1.15620888E+02  -9.54452820E+01   5.18409805E+01
 609  -3.25678291E+01   2.04153336E+02  -1.64369553E+02
 610   3.81562233E+01   1.99837860E+02  -1.94365891E+02
 611  -2.36463486E+02   7.67470074E+00  -2.65760406E+02
 612   1.96521873E+01  -2.64313232E+02   4.94952583E+01
 613   1.44534271E+02   2.75270203E+02   1.66717834E+02
 614  -6.75639267E+01   5.96884117E+01  -7.54423752E+01
 615   2.12304169E+02  -1.06946281E+02  -2.00649506E+02
 616   4.31766434E+01  -5.51723251E+01   1.39131409E+02
 617   1.91824554E+02   2.31094177E+02   1.55930420E+02
 618   1.08461754E+02   2.65256989E+02   1.46868469E+02
 619   1.96501358E+02   2.22269165E+02   1.35116943E+02
 620   2.03783083E+00   1.05166256E+00  -2.00595337E+02
 621   1.47033829E+02  -1.68624023E+02   1.09939957E+02
 622  -1.12051903E+02  -1.79794067E+02  -1.67655853E+02
 623   1.97226059E+02   2.57303497E+02   1.98276443E+02
 624   1.50463165E+02  -1.04570770E+02  -1.46563812E+02
 625  -1.14086067E+02   2.25147491E+02  -1.31939590E+02
 626   2.39176208E+02   1.99987808E+02  -1.76320709E+02
 627   6.60094376E+01  -1.37557068E+02  -2.00850677E+02
 628  -1.17110562E+00   1.79891754E+02  -1.83024918E+02
 629   6.11520844E+01  -2.44721832E+02   7.89128952E+01
 630  -1.88737885E+02  -2.95247223E+02   1.58498779E+02
 631   3.77863655E+01  -1.57624344E+02   9.76003265E+01
 632  -2.71290497E+02  -5.04503288E+01  -8.54432602E+01
 633   4.31411209E+01  -1.00146179E+02   2.20671616E+01
 634   1.25809341E+02   2.55333038E+02   1.42123154E+02
 635   1.05453949E+02  -1.49896744E+02   7.84602432E+01
 636   1.46646667E+02  -1.68934677E+02   1.04838036E+02
 637   1.47626328E+02   1.79577072E+02   1.49463577E+02
 638   2.72274933E+02  -2.52206863E+02  -2.37651642E+02
 639  -2.83532898E+02  -6.65005951E+01   2.56613159E+02
 640   5.14177704E+01  -1.59005539E+02   2.71534939E+01
 641  -2.25910736E+02  -2.24995026E+02   4.13671532E+01
 642   5.55330963E+01  -1.98628891E+02   4.68938522E+01
 643  -2.49914963E+02   2.96529938E+02   1.27129272E+02
 644  -9.34200287E+01  -1.58830704E+02   3.41226425E+01
 645   2.75124451E+02   2.13270248E+02   1.95094864E+02
 646   1.97600327E+02  -1.60065323E+02   2.97017487E+02
 647   1.29324478E+02  -6.76280899E+01  -1.88778839E+02
 648   3.70097084E+01  -1.98010513E+02   2.39405022E+01
 649  -1.58454758E+02  -5.92710609E+01  -4.13335180E+00
 650  -7.65464935E+01  -2.76205811E+02   5.14253769E+01
 651  -1.21760719E+02   2.27268906E+02  -1.59178879E+02
 652  -2.36704285E+02   2.42860626E+02   1.79816299E+02
 653   6.12080650E+01   1.08445444E+01  -1.07871056E+02
 654   2.03383392E+02  -2.68011841E+02   8.41477509E+01
 655   1.45446823E+02   2.40130295E+02   1.85941177E+02
 656  -1.15853203E+02  -2.97413849E+02  -1.78498077E+02
 657  -1.78798889E+02   2.32181000E+02  -2.28435654E+02
 658  -3.31244774E+01   1.54623230E+02  -1.83350998E+02
 659   1.09932999E+02  -2.55624344E+02   8.26199875E+01
 660   9.30430832E+01  -2.81160431E+02   5.70547638E+01
 661   3.38385391E+01  -2.69349548E+02   8.56153488E+01
 662   1.60781052E+02   1.98355713E+01  -1.77611328E+02
 663   9.13916550E+01  -4.73939753E+00   7.12233200E+01
 664   1.83223175E+02  -1.69109993E+01   7.37309494E+01
 665  -2.64153320E+02   1.74197052E+02   1.51215546E+02
 666  -1.04528130E+02   2.50354935E+02  -1.62799652E+02
 667   2.38886139E+02  -7.33808613E+00  -2.22791656E+02
 668   2.43256912E+02   1.89748474E+02   1.56270706E+02
 669   1.09101140E+00  -6.55716858E+01  -1.84683105E+02
 670  -1.48081100E+02   9.51799545E+01   9.50384064E+01
 671   2.94090515E+02   2.32042679E+02   2.84155426E+02
 672   2.18499405E+02   2.29001801E+02   1.71427307E+02
 673   2.22485046E+02  -2.40561691E+02   2.79536800E+01
 674  -6.59702606E+01  -3.86495628E+01  -2.03999146E+02
 675   1.23156563E+02  -2.29732330E+02   6.12678566E+01
 676  -1.83141613E+01  -1.11211327E+02   9.08105164E+01
 677   1.43171301E+01  -5.23184471E+01  -1.84241516E+02
 678   2.15782837E+02  -1.22757988E+01   2.23307686E+01
 679  -6.21687889E+01  -2.84318237E+02   6.11275444E+01
 680   1.15057898E+01   6.80957489E+01  -1.07517662E+01
 681   1.11087730E+02  -1.45599045E+02  -2.67750092E+02
 682   1.87392899E+02   2.25959808E+02   1.87844284E+02
 683  -1.06679314E+02   2.58362823E+02  -1.57958130E+02
 684   5.45550613E+01  -4.27748642E+01  -6.00420418E+01
 685  -1.33988235E+02  -2.20579483E+02   4.32888336E+01
 686  -2.80714417E+01   8.90913849E+01   2.63409943E+02
 687   6.36213531E+01   1.59831360E+02  -1.36913879E+02
 688  -2.91341797E+02  -1.53907135E+02   2.56337891E+02
 689   1.23734161E+02  -2.69625732E+02   1.98560753E+01
 690  -2.86604584E+02   2.87667725E+02   1.88561920E+02
 691  -5.23129425E+01  -1.18037354E+02   3.14480877E+01
 692   2.91745789E+02  -2.30675293E+02   1.53227890E+02
 693   2.88075348E+02   1.85851746E+02   1.33697861E+02
 694  -1.05205582E+02   1.48945023E+02  -1.47570312E+02
 695  -2.70362152E+02   3.02600956E+01  -6.87026215E+01
 696   1.94999649E+02  -1.54769928E+02   1.32647369E+02
 697   2.38400307E+01  -1.50885925E+02   7.41224518E+01
 698   1.19883896E+02   6.99437943E+01   1.76547668E+02
 699   1.88063599E+02  -1.54459015E+02   4.48698730E+01
 700  -1.30741287E+02  -6.93553162E+01   3.23605118E+01
 701  -9.98342056E+01   2.34518768E+02  -1.80354218E+02
 702   3.57851868E+01  -1.45670959E+02   1.10985794E+01
 703   2.13265594E+02   1.85482239E+02   2.01528259E+02
 704   2.44834473E+02   2.15518845E+02   1.23935371E+02
 705  -3.77134857E+01  -2.17988987E+01   6.30435181E+01
 706   1.54100815E+02   1.17897247E+02   2.41306763E+02
 707  -2.42085754E+02   2.11995132E+02  -2.27694046E+02
 708   7.29155807E+01  -5.29172401E+01  -6.25995483E+01
 709  -2.27024422E+01  -6.74223404E+01  -2.14221573E+02
 710   1.54465042E+02  -1.91136734E+02   5.30699501E+01
 711   1.41436720E+01  -1.31014679E+02   4.17829742E+01
 712  -1.14853905E+02  -1.23847984E+02   8.24611282E+01
 713  -5.60183640E+01   2.75346832E+02  -1.70794296E+02
 714  -3.47223625E+01  -3.95370102E+01  -1.99816055E+02
 715  -1.25076118E+02  -1.58637962E+01   2.16186733E+01
 716  -2.36056000E+02   2.81526825E+02  -5.80631371E+01
 717   2.14215271E+02   2.72245407E+01  -1.74886734E+02
 718   3.33552971E+01  -1.07095299E+02   1.03295469E+01
 719   2.13744629E+02   1.96432983E+02   1.40506470E+02
 720   1.32073593E+02  -8.13698502E+01   2.79196930E+01
 721   4.05386162E+01   2.55112061E+02   8.33511429E+01
 722  -1.88138794E+02  -7.80289688E+01  -2.75797485E+02
 723   1.27853844E+02  -1.27831650E+02  -2.04109085E+02
 724   1.35226955E+01   2.92307983E+02   2.29349918E+01
 725  -5.76050282E+00  -2.95638458E+02   6.14369011E+01
 726  -1.26717148E+02   2.56907623E+02  -1.45834137E+02
 727   2.76766418E+02   2.93932404E+02   1.92856415E+02
 728   1.98360424E+01  -1.34926941E+02  -1.92517334E+02
 729   1.03139923E+02   2.97587616E+02   1.20968407E+02
 730   1.25766380E+02   1.62680115E+02   1.53524048E+02
 731   2.55414276E+02  -2.47394363E+02   1.68186523E+02
 732  -2.50347672E+02  -2.40392715E+02  -8.90822449E+01
 733   2.10041840E+02  -2.55735397E+02   6.80507202E+01
 734   7.92677689E+00  -1.84462784E+02   1.19632387E+01
 735   1.75149384E+02   3.92453337E+00  -1.06338097E+02
 736   1.76429077E+02   2.21159943E+02   1.37733231E+02
 737   5.07017708E+01  -2.65027283E+02   8.42913818E+01
 738  -1.85529678E+02   1.91617325E+02   1.66605545E+02
 739   2.29266987E+01   1.58788742E+02  -1.52760727E+02
 740   1.72895622E+01  -1.39552597E+02  -1.31585569E+01
 741   5.42322960E+01  -2.10027283E+02   1.42338438E+01
 742   2.39848309E+01   2.84944336E+02  -1.24249054E+02
 743  -2.64702110E+01  -2.23523773E+02   2.44566841E+01
 744   4.38670349E+01  -2.68618225E+02   4.47109756E+01
 745  -2.27827133E+02   2.95576141E+02   1.88071930E+02
 746  -2.98773804E+02  -4.57210083E+01  -1.58548355E+02
 747  -2.90039917E+02   1.94931351E+02   1.33113647E+02
 748  -1.72379089E+02   8.49591751E+01   2.29154358E+02
 749   2.12605103E+02   1.75416168E+02  -2.34748978E+02
 750   1.08877544E+01  -6.19287796E+01   6.67364349E+01
 751  -1.42850828E+01  -1.83425812E+02   7.25097122E+01
 752   1.39329102E+02  -1.52131882E+02   1.08684807E+02
 753   2.99006958E+02   2.51551529E+02  -1.61745819E+02
 754  -2.04379242E+02   1.67058929E+02  -1.88359238E+02
 755  -4.56083536E+00  -1.84472610E+02   5.72663641E+00
 756   1.67085876E+01  -3.03204670E+01  -1.85861923E+02
 757  -6.19871712E+00  -6.15336494E+01   4.10652084E+01
 758   5.07235641E+01  -1.30683105E+02   5.87543030E+01
 759   2.87471466E+02   2.39971558E+02  -1.39414352E+02
 760  -7.50306854E+01   2.00207901E+02  -1.97432358E+02
 761   4.41769485E+01  -1.66120346E+02   1.25429940E+00
 762  -2.30971039E+02  -2.94385773E+02   1.93204041E+02
 763  -2.86170532E+02   2.08933685E+02  -1.73611771E+02
 764   1.73849319E+02  -2.64676666E+02   5.81866913E+01
 765   4.18585281E+01  -1.12389099E+02   4.39213982E+01
 766  -1.12121277E+02   1.94806671E+02  -3.15062008E+01
 767  -2.45348679E+02   2.36558594E+02   2.20342621E+02
 768   1.80898457E+01  -3.84898415E+01   4.35940628E+01
 769  -4.45243418E-02  -1.00774132E+02   3.58389015E+01
 770  -1.17655113E+02   1.20264496E+02  -1.48635422E+02
 771   5.39610863E+01  -2.69098907E+02   8.04473190E+01
 772   2.50832703E+02  -3.51005745E+01  -1.80831833E+02
 773   1.15901016E+02  -1.58726440E+02  -6.03061104E+00
 774  -1.42895920E+02  -2.28292282E+02  -1.12837807E+02
 775   1.50414686E+01  -1.03308144E+02   5.71475906E+01
 776  -1.69455673E+02   2.92021820E+02  -1.95910339E+02
 777   9.60127563E+01  -1.37147202E+02  -1.78051834E+02
 778  -1.96096420E+02   5.98619881E+01   2.83379547E+02
 779   2.09898193E+02   2.60028076E+02   2.18483093E+02
 780   2.63096161E+02  -2.47550411E+01  -1.68020142E+02
 781  -1.56462173E+02  -1.05800781E+02  -2.18784958E+02
 782  -2.27929108E+02   5.37797966E+01  -1.96225464E+02
 783  -3.16359844E+01  -2.81696594E+02  -1.57199417E+02
 784   7.31527328E+00  -2.93483643E+02   9.32231903E+01
 785  -5.48469200E+01   3.92380333E+01  -1.96984604E+02
 786   2.81173706E+02   7.30524826E+01   2.98148438E+02
 787   2.47702454E+02   1.90853073E+02   7.64865112E+01
 788   1.81806885E+02   2.37858261E+02   1.60818771E+02
 789   1.63222153E+02   6.42861633E+01  -7.45150681E+01
 790   2.16963120E+02  -2.81874981E+01  -1.76674973E+02
 791  -8.06793365E+01   2.09034866E+02  -1.31650757E+02
 792   5.67127571E+01  -5.31612282E+01   7.91509018E+01
 793  -2.68892609E+02   2.97388733E+02   2.13135071E+02
 794  -2.61541962E+02   2.11995132E+02   1.77041550E+02
 795  -1.89968964E+02   2.32232513E+02  -1.50241241E+02
 796   2.03007294E+02   1.81912994E+02   1.33054825E+02
 797   1.22051453E+02  -6.29372787E+01  -1.89958740E+02
 798  -2.62206909E+02   2.28660721E+02  -1.46646896E+02
 799   2.93473511E+02   2.27480591E+02  -1.83789139E+02
 800   1.10198654E+02  -1.12742477E+02  -1.85871140E+02
 801  -6.61448822E+01  -1.02065788E+02   1.69899273E+01
 802   1.71584152E+02  -7.33952255E+01  -2.30096695E+02
 803  -1.22459137E+02   1.60264816E+02  -1.63499268E+02
 804  -2.06047401E+01  -2.14668770E+01  -1.86876648E+02
 805   4.70091553E+01   3.06918278E+01   4.05651219E-02
 806   3.75793114E+01  -1.36243256E+02   6.28675003E+01
 807  -9.69576721E+01   2.31488968E+02  -1.41307587E+02
 808   1.79360123E+02  -1.07324768E+02  -1.94436630E+02
 809  -2.31977325E+02  -6.06059380E+01   2.54640617E+01
 810  -7.04076385E+01  -3.95461197E+01   3.76663322E+01
 811  -2.44844360E+02   2.27025818E+02   1.58875809E+02
 812   2.38553513E+02  -2.39335831E+02   2.95375690E+01
 813   2.01235306E+02   2.71171967E+02   1.32602493E+02
 814   2.54694336E+02   2.53495712E+02  -1.69123169E+02
 815   6.42010803E+01   8.81839218E+01  -1.10394722E+02
 816   1.53740479E+02   1.84738297E+02   1.95212341E+02
 817  -6.50900040E+01   2.15465866E+02  -2.04704453E+02
 818   1.63423935E+02  -2.50765900E+02   2.74618969E+01
 819   2.23942566E+01  -1.72452621E+02   2.76365223E+01
 820   6.41675720E+01  -1.02158676E+02  -1.55888016E+02
 821   4.20093393E+00   2.80460602E+02   5.73916702E+01
 822   6.18948441E+01  -1.70845001E+02   8.47900772E+01
 823  -1.11368141E+02  -1.36887131E+02   6.21611252E+01
 824   1.70729019E+02   4.50183334E+01   2.66640350E+02
 825   5.82396774E+01   2.26266754E+02   1.37740616E+02
 826   8.00059967E+01  -2.84898712E+02   4.24477882E+01
 827   1.58402145E+02  -3.98975868E+01  -2.17822128E+02
 828   2.83251556E+02   2.26933685E+02   1.32315033E+02
 829   7.49325333E+01  -9.85276871E+01  -1.56550858E+02
 830  -1.79854736E+02  -2.92126434E+02   3.91453896E+01
 831   1.84467636E+02   1.93068176E+02   1.24177155E+02
 832  -5.11703396E+00  -3.52108498E+01  -1.99869965E+02
 833  -1.61059204E+02   2.98989319E+02  -1.90151306E+02
 834   4.96987495E+01  -5.75985756E+01   5.31059608E+01
 835   1.88335159E+02  -1.03607826E+02  -1.99330582E+02
 836   1.16103836E+02  -6.06902924E+01  -1.98510391E+02
 837  -6.54905624E+01  -2.89732300E+02  -1.18029747E+02
 838  -6.86063080E+01   2.12059967E+02  -1.95018768E+02
 839  -1.33374176E+02  -1.53310745E+02  -5.33887959E+00
 840   2.35727493E+02   1.95575302E+02  -1.83427689E+02
 841   4.00242691E+01   2.41163802E+00   6.39449921E+01
 842   1.87518036E+02  -2.04495956E+02  -6.39758720E+01
 843  -3.33975296E+01   1.12853043E+02   1.56488647E+02
 844  -2.81148743E+02   2.55703995E+02   1.49428879E+02
 845  -1.30767929E+02  -8.83662949E+01   7.43501358E+01
 846   1.69312725E+01  -1.53766296E+02   3.26092110E+01
 847  -2.08682358E+02   2.19478149E+02   1.83468323E+02
 848   3.08524361E+01  -8.91707840E+01   5.84280243E+01
 849   6.38727493E+01  -1.77753799E+02  -2.43067810E+02
 850   4.09283409E+01  -1.08867577E+02  -1.77306381E+02
 851   2.58190918E+02   2.47456100E+02   1.51805649E+02
 852  -1.61468369E+02   2.11594360E+02  -1.36576401E+02
 853  -1.34020630E+02   1.91352234E+02  -2.18548981E+02
 854  -1.23553810E+02   1.50544098E+02   2.18316330E+02
 855   1.93643707E+02  -4.55215645E+01  -1.59738022E+02
 856  -1.39687851E+02   2.27119934E+02  -1.57941528E+02
 857   1.80001465E+02   2.50348892E+02   1.99023514E+02
 858   2.43584686E+02   2.15392654E+02   1.38021393E+02
 859  -1.86890625E+02  -2.20614395E+02   3.68223076E+01
 860  -2.68998657E+02   2.80246460E+02   9.38871460E+01
 861  -6.63216324E+01   2.38111038E+01  -1.16380432E+02
 862  -5.20144081E+01   1.72790695E+02  -2.00965805E+02
 863   7.24768219E+01  -4.56320801E+01   4.03874931E+01
 864  -5.82315369E+01  -1.38639326E+01  -2.23893036E+02
 865  -8.73705902E+01   1.92181824E+02  -1.29998871E+02
 866   4.24772148E+01   1.21144323E+01   2.93489838E+02
 867   2.97124786E+02   2.38700546E+02   1.19352707E+02
 868  -2.66576263E+02   2.35432495E+02   1.58303268E+02
 869  -2.99812222E+01  -1.39121597E+02   5.26336861E+01
 870  -1.20434410E+02  -2.03240311E+02   7.28351746E+01
 871   2.60005829E+02  -6.75560684E+01   2.11214722E+02
 872  -2.39086960E+02   1.89156891E+02  -2.46998367E+02
 873   5.12321014E+01  -2.94323547E+02   2.16275772E+02
 874  -8.71569061E+01  -7.01648865E+01   4.41834831E+01
 875  -8.15794067E+01   2.34342270E+02  -2.03208771E+02
 876  -3.60991287E+01  -1.58047256E+02   8.85917568E+00
 877  -7.16582489E+01  -2.96560791E+02  -1.58233902E+02
 878   4.41334772E+00  -1.66281006E+02  -1.68216248E+02
 879  -1.80675101E+00   1.51519577E+02  -1.52791901E+02
 880  -2.98044220E+02   2.52294022E+02  -1.82682495E+02
 881   7.30277252E+00  -1.92320618E+02   6.00964355E+01
 882  -1.12458221E+02  -1.03105949E+02   8.68745956E+01
 883   2.29455307E+02   2.06979279E+02   2.01422241E+02
 884  -2.19468094E+02  -2.94091682E+01   8.33445740E+00
 885  -2.21362015E+02   1.85162720E+02  -2.25701920E+02
 886   2.96708832E+02  -2.55224426E+02   5.59629745E+01
 887  -2.78115234E+02  -2.82288635E+02   2.06584183E+02
 888   1.00773132E+02  -1.19054543E+02  -1.66069229E+02
 889   2.22511581E+02   2.86844666E+02   1.32335236E+02
 890  -1.19442963E+02   1.54925690E+02  -1.96224579E+02
 891  -1.83083435E+02   1.62206192E+02  -1.56446701E+02
 892  -7.47493820E+01  -3.01429005E+01  -2.46546753E+02
 893  -2.04272278E+02   2.72407410E+02   1.70989475E+01
 894   5.63398209E+01  -1.40493942E+02  -2.26863220E+02
 895   1.11312531E+02   2.91647278E+02   4.47952461E+01
 896   1.30192749E+02  -7.91745758E+01  -2.71185730E+02
 897  -1.28126541E+02  -1.52422592E+02   3.22106590E+01
 898   2.78071991E+02   2.27265335E+02   1.20689636E+02
 899  -2.50776550E+02   2.93176178E+02   1.00593208E+02
 900  -8.47951126E+01   1.29236145E+02  -1.49295120E+02
 901   2.23729614E+02   5.58456230E+01  -1.71605545E+02
 902   1.38803139E+01  -1.13802261E+02   1.80356808E+01
 903  -2.20218689E+02   2.29437607E+02  -2.45645905E+02
 904   1.66158432E+02   4.75566368E+01   1.44899857E+02
 905   1.82565094E+02   1.91520035E+02   1.96519318E+02
 906   1.21345779E+02   2.06358902E+02   1.16280159E+02
 907  -1.29038406E+02   2.78668640E+02  -1.77826187E+02
 908  -2.66513428E+02   2.87032104E+02   2.41478745E+02
 909  -2.64971558E+02  -2.39223511E+02   4.80407639E+01
 910   2.93524567E+02   2.30013962E+02   1.15583717E+02
 911  -1.19962715E+02  -9.94197693E+01  -1.91627853E+02
 912  -1.14718788E+02   6.90256424E+01   2.94861725E+02
 913   1.30379944E+02  -2.90904846E+02   4.08763695E+01
 914   7.07841339E+01  -2.20738754E+02   2.29886875E+01
 915   2.47430618E+02  -7.71983185E+01  -1.37484512E+02
 916  -2.83580078E+02  -2.65375183E+02   1.73757629E+02
 917   3.45762444E+01  -1.39118668E+02  -1.82735031E+02
 918  -2.82133942E+02   2.51103104E+02   1.84458344E+02
 919  -1.06522278E+02   2.64921326E+02  -1.83406921E+02
 920   6.09115944E+01  -1.91602661E+02   2.51087326E+02
 921  -3.50057297E+01   2.71129974E+02  -1.85995605E+02
 922   8.62868881E+01  -2.30351974E+02   9.51248169E+00
 923  -2.62507416E+02   2.89966461E+02   2.04111801E+02
 924  -2.88195618E+02   2.41557617E+02   2.09613785E+02
 925   2.12326550E+00  -7.39376144E+01  -1.88453918E+02
 926   1.68419552E+01  -1.46761642E+02  -1.95291138E+02
 927   1.82231567E+02  -2.62735687E+02   7.71913071E+01
 928   3.52459869E+01  -1.57176849E+02  -1.68693222E+02
 929  -6.28276205E+00  -6.01182098E+01   1.13583183E+02
 930  -1.14838982E+02   1.97541519E+02  -1.75325836E+02
 931   3.55080299E+01  -2.55366821E+01   3.46325035E+01
 932   1.37935745E+02  -8.97399902E+01  -1.92338135E+02
 933  -1.24106506E+02  -7.64898443E+00   3.87474365E+01
 934  -2.44614372E+01   2.48983597E+02  -1.93328964E+02
 935   4.52502213E+01  -1.15071022E+02   4.06019402E+01
 936   5.37323647E+01  -2.34963516E+02   7.25360947E+01
 937   2.09105194E+02   2.04061127E+02   1.48356308E+02
 938   2.42206711E+02  -2.63462952E+02   1.97010391E+02
 939   2.43409210E+02  -4.20324326E+01  -2.17504578E+02
 940  -7.34791946E+01   1.38154816E+02   2.91505066E+02
 941  -2.88169922E+02  -2.90309052E+02   1.58211716E+02
 942  -7.83351593E+01  -1.63331192E+02   6.75492783E+01
 943  -2.72311432E+02   2.24187927E+02   2.04961761E+02
 944   1.21538782E+00  -6.58817062E+01  -1.77800583E+02
 945   2.53729752E+02   2.07833252E+02  -1.90615768E+02
 946   1.06330254E+02  -2.34701279E+02   5.35240593E+01
 947   1.28185059E+02  -2.47285675E+02   7.73251953E+01
 948   1.53214157E+02  -2.48450439E+02   1.98341885E+01
 949   1.58436783E+02   2.12447540E+02   1.68350174E+02
 950  -1.04519501E+02  -4.48452911E+01  -2.53164841E+02
 951  -4.82842903E+01   2.03525662E+00   6.61030807E+01
 952   4.72962151E+01   2.25563965E+02   2.96678314E+02
 953  -1.22082039E+02  -1.15675568E+02  -2.53213623E+02
 954  -7.41986389E+01  -8.69142609E+01   2.08961830E+01
 955  -7.81368332E+01  -1.22644402E+02   3.28755951E+01
 956   2.48508453E+02   2.43258469E+02   1.31980988E+02
 957  -2.20418121E+02  -3.02539515E+00   2.23178360E+02
 958  -1.38015213E+02  -9.13362732E+01   2.27025375E+01
 959   1.16543434E+02  -1.47335358E+02   3.65711899E+01
 960   1.70653824E+02   2.15111679E+02   1.09172844E+02
 961   9.11810303E+01  -1.40741898E+02  -2.17830811E+02
 962   1.97201126E+02   3.11673546E+01   2.37304581E+02
 963   1.28857269E+02   2.90896759E+02  -1.06273788E+02
 964   2.04067444E+02  -4.04214287E+00  -1.91355316E+02
 965   2.53979477E+02   2.10415115E+02   2.20032471E+02
 966   1.19108753E+01  -1.23001953E+02  -2.00658752E+02
 967  -2.68294159E+02  -2.20533707E+02   8.46932678E+01
 968   1.77493118E+02  -1.50002335E+02   2.28504700E+02
 969   1.82604256E+01  -2.10991608E+02   4.80539398E+01
 970  -1.59661972E+02  -9.22755737E+01   3.46133575E+01
 971   2.75036774E+02   1.92399353E+02   1.99776932E+02
 972   2.79328888E+02   5.89621735E+01   1.24623428E+02
 973   7.39605103E+01  -1.09103798E+02  -1.53170639E+02
 974   2.45524689E+02  -2.95833649E+02   2.02663727E+02
 975  -3.47948380E+01   2.60673157E+02   6.61750717E+01
 976   2.42961140E+01  -1.42840210E+02  -2.28291260E+02
 977  -7.44884968E+00  -1.26383018E+02  -1.74008575E+02
 978  -7.03344421E+01   1.57139664E+02  -2.06075394E+02
 979  -1.00070557E+02  -2.09044571E+02  -1.13682678E+02
 980   5.39980392E+01  -1.08770401E+02  -1.82441360E+02
 981   5.12009811E+01  -1.87725891E+02   9.58222351E+01
 982  -8.39083862E+01  -1.61759048E+02   1.43701773E+01
 983   2.07893219E+02  -1.05450691E+02  -1.96255081E+02
 984  -9.88978653E+01   2.67250732E+02  -1.97557709E+02
 985  -4.45632553E+01  -1.04287300E+02   9.63281174E+01
 986   4.80153236E+01   2.59695648E+02   4.25058441E+01
 987  -2.73588013E+02  -2.29291821E+00  -2.01738586E+02
 988  -2.48781036E+02   6.18053970E+01   4.09101562E+01
 989  -1.30473251E+02   2.03518250E+02  -1.30505356E+02
 990   3.81282768E+01  -6.40647354E+01  -1.78831711E+02
 991   3.84731140E+01  -1.67988571E+02   1.62389679E+02
 992   1.54827194E+01  -9.29875412E+01   6.53492432E+01
 993   2.16014023E+02   1.62369251E+01  -2.39370712E+02
 994   1.16577423E+02  -1.15274231E+02   5.51290970E+01
 995  -1.78599380E+02   1.45771500E+02   1.99633118E+02
 996   4.05417633E+01  -1.19401054E+02   2.24909191E+01
 997  -6.22439079E+01  -1.20122276E+02  -2.05675217E+02
 998   1.45639938E+02  -5.31553078E+01  -1.74109985E+02
 999   2.47244629E+02   2.44347763E+02   1.85538361E+02
1000   9.47982025E+01  -1.58372742E+02   1.97661534E-01
1001  -1.50416245E+02  -3.12290211E+01   2.65802250E+01
1002  -2.21778030E+01  -2.59494629E+01  -2.40370636E+02
1003  -2.64287537E+02   2.97213697E+00  -1.46969894E+02
1004   1.08164772E+02   2.86763916E+02   4.42440376E+01
1005   5.50046806E+01  -1.43482239E+02  -2.29072208E+01
1006  -8.37900848E+01   2.05887131E+02  -9.00252762E+01
1007  -1.06363060E+02   2.20935089E+02  -1.92213852E+02
1008   7.91774511E+00  -8.72050247E+01   1.18051193E+02
1009   1.68559093E+01  -3.83244514E+01   2.02838879E+01
1010   2.84691986E+02   2.33513550E+02   2.01335922E+02
1011   1.58195999E+02   1.53994064E+02   1.84848923E+02
1012  -2.54774475E+02   1.74339233E+02   1.20815819E+02
1013   2.13295868E+02   2.67538208E+02   1.45777985E+02
1014   3.60511589E+01  -1.06467964E+02   4.61431618E+01
1015   2.32625290E+02  -8.69898148E+01  -2.13075714E+02
1016  -1.54347200E+01   2.51634628E+02   3.44100990E+01
1017   2.59836212E+02   2.58748108E+02   1.69877960E+02
1018  -2.76617065E+02   2.58980652E+02   2.10225586E+02
1019  -6.67597427E+01  -6.51571178E+00  -9.68807449E+01
1020  -2.76880302E+01   2.85791809E+02  -1.73631500E+02
1021  -9.41429901E+01   7.37424316E+01  -1.57105362E+02
1022   2.43375015E+02   1.68212982E+02   1.63019821E+02
1023  -2.94073120E+02   2.29989090E+02   1.83273926E+02
1024   2.32899002E+02  -2.17658752E+02   6.82302628E+01
1025   2.89260468E+02  -2.22365417E+02   5.54703941E+01
1026  -1.95553101E+02   2.42753784E+02   1.57268082E+02
1027  -2.94249908E+02   1.29583344E+02  -1.03161911E+02
1028  -2.39946716E+02   2.67471924E+02  -1.67773682E+02
1029   1.37993881E+02  -1.32533478E+02   5.44569778E+01
1030   1.27198479E+02  -2.04391342E+02   5.55485115E+01
1031   1.15587196E+02   6.02124214E+01  -1.78361313E+02
1032   1.32916382E+02   1.55007675E+02  -2.48660477E+02
1033  -6.51139984E+01  -1.44256210E+02   3.48173332E+01
1034   5.58649292E+01   1.82600601E+02  -2.02432434E+02
1035  -1.08820267E+01   2.04061401E+02  -1.90889450E+02
1036   2.78458374E+02   2.09204163E+02  -1.73758026E+02
1037   1.31122330E+02   2.81712158E+02   5.12686462E+01
1038  -9.55223541E+01  -1.22894608E+02   7.42546158E+01
1039  -2.05864609E+02  -1.02984848E+01   1.10888968E+01
1040   1.80988037E+02   2.36324310E+02   9.01103592E+01
1041   5.61931038E+01   1.45050247E+02  -1.36724548E+02
1042   5.52352524E+01  -4.99192178E-01   6.57141876E+01
1043   1.74384613E+02   1.71680878E+02   1.85760483E+02
1044   1.01346779E+00  -1.42744598E+02   6.35893555E+01
1045   2.79224487E+02   2.69038177E+02   2.38734589E+02
1046  -6.91914444E+01   2.39268875E+02  -1.86766815E+02
1047  -2.24080017E+02  -2.78899536E+02   1.04325073E+02
1048  -2.70420105E+02   1.79139450E+02  -2.18517151E+02
1049   3.13753853E+01  -1.55598717E+01  -2.34969009E+02
1050  -1.16683891E+02  -1.14297508E+02   5.81502342E+01
1051   9.21215363E+01   2.32502045E+02   1.06007645E+02
1052   3.92704430E+01  -1.18358589E+02   2.78415966E+01
1053   2.54548676E+02  -6.60851746E+01  -1.92107727E+02
1054   2.35774796E+02  -2.35511230E+02   5.18353958E+01
1055   1.78214539E+02  -1.42045151E+02   5.11291428E+01
1056  -3.00489731E+01  -1.82606003E+02   4.86046143E+01
1057   2.09068239E-01  -1.25278778E+02   9.67602768E+01
1058  -1.97666046E+02   1.97532623E+02  -1.78574966E+02
1059  -1.79192963E+02  -1.22219345E+02   6.19465218E+01
1060   8.31783218E+01  -2.34236237E+02   2.63472538E+01
1061  -3.43879280E+01  -5.34984589E+01   8.98458633E+01
1062   3.92361450E+01  -8.32952576E+01  -1.83202774E+02
1063   1.74678162E+02  -2.35022705E+02   4.93035927E+01
1064   1.34185684E+02  -2.26156723E+02   5.43568268E+01
1065   2.45050552E+02   2.01555527E+02   1.82443222E+02
1066   8.83068924E+01  -1.97975769E+02  -2.44123749E+02
1067   5.14391975E+01  -1.61283997E+02   4.54402809E+01
1068  -4.58654251E+01   2.71093994E+02  -1.43216293E+02
1069   1.89239609E+02   1.28293060E+02  -9.83694763E+01
1070  -1.48599518E+02   2.20161194E+02  -1.33471390E+02
1071   9.29333344E+01   2.16094452E+02   1.60952179E+02
1072   7.20030899E+01   2.67748077E+02   1.47412399E+02
1073  -2.03555542E+02  -2.81566376E+02  -2.00208023E+02
1074  -1.50486465E+02   2.00330948E+02   1.70177185E+02
1075   1.33404102E+01   1.65009445E+02   2.85762756E+02
1076   2.47747478E+01  -1.22983475E+02   6.44801950E+00
1077  -2.41649048E+02  -2.80846222E+02   1.28763748E+02
1078  -1.95680084E+02   2.77073364E+02  -1.79308075E+02
1079  -1.77785904E+02   1.72953476E+02   1.64034607E+02
1080   2.59688995E+02  -1.80908737E+02  -2.94061005E+02
1081   2.50258667E+02  -2.30158188E+02   1.39113708E+02
1082  -2.60523315E+02  -1.27693237E+02   2.11225067E+02
1083   2.62625916E+02  -3.10141888E+01  -1.91518417E+02
1084   2.83188538E+02   1.25122437E+02  -4.83853111E+01
1085  -5.91405220E+01  -1.23379227E+02  -2.10289154E+02
1086   1.98172836E+02  -2.39369965E+02   2.61186714E+01
1087   2.74183777E+02   2.50935471E+02  -1.94948395E+02
1088  -2.35213394E+01  -3.38333168E+01   7.51052170E+01
1089   2.04708038E+02  -2.50600403E+02   3.30113716E+01
1090  -6.50391617E+01   2.28532669E+02  -1.78705719E+02
1091   2.59274048E+02   2.47750641E+02   3.98693428E+01
1092   1.57909271E+02   1.59993286E+02   2.12823914E+02
1093  -7.20819473E+01  -1.55322815E+02   5.49646683E+01
1094   1.16682236E+02  -4.18669968E+01  -1.77679718E+02
1095  -2.58391479E+02   2.37373917E+02  -2.37645126E+02
1096   5.34976234E+01  -1.09507011E+02  -2.00309143E+02
1097  -3.98068008E+01  -1.48724991E+02  -4.88379135E+01
1098  -2.82539764E+02  -2.92088745E+02   2.00925919E+02
1099  -2.34875336E+02   2.34298965E+02   2.04272980E+02
1100  -1.45392776E+02   2.13799835E+02  -2.43692230E+02
1101  -9.20643616E+01   1.76096603E+02  -1.38635910E+02
1102   2.89272766E+02   1.42888346E+01  -1.74772720E+02
1103  -4.15085640E+01  -9.76899948E+01   2.59137897E+01
1104  -1.00543198E+02  -8.70905151E+01  -2.81262321E+01
1105  -1.30319641E+02   1.88041931E+02  -1.69926788E+02
1106   5.15132046E+00  -2.67920166E+02   7.97266235E+01
1107   1.96245682E+02   3.58973351E+01   1.98819626E+02
1108   6.24412107E+00   1.58896942E+02  -7.14688873E+01
1109   2.16242981E+02  -1.26089630E+02  -1.71598663E+02
1110   2.58011627E+01   1.84618668E+02  -1.78444046E+02
1111   2.58003235E+02   1.73787399E+02   1.89235352E+02
1112   6.67812119E+01  -1.99190369E+01  -1.82092865E+02
1113  -5.84914474E+01  -3.96131020E+01  -2.46828888E+02
1114  -2.65309174E+02   2.45936646E+02   1.66499756E+02
1115  -2.30320084E+02  -2.81703735E+02   2.05352615E+02
1116  -2.96895325E+02   2.67769196E+02  -1.64863098E+02
1117  -1.35338192E+01  -1.24499619E+02  -1.69663940E+02
1118   1.59800339E+02   1.58755646E+01  -1.82875519E+02
1119  -1.07782814E+02  -4.33445435E+01   8.70429306E+01
1120   2.61826874E+02  -2.52907150E+02   3.49872055E+01
1121  -5.24371605E+01  -2.00199966E+02  -6.29539070E+01
1122  -1.37092056E+02   1.68000458E+02  -2.48339783E+02
1123   4.82066994E+01  -1.32091690E+02   8.69634094E+01
1124   2.51260559E+02   2.69672119E+02   1.63682846E+02
1125   3.80092163E+01  -1.08160240E+02   1.01522209E+02
1126  -1.36828094E+02  -1.28245255E+02   6.55552292E+01
1127   2.47865265E+02  -1.62644547E+02  -2.90030243E+02
1128   1.76741714E+02  -1.49045883E+02   1.89059906E+02
1129  -4.43667145E+01   1.89848984E+02  -2.01779968E+02
1130  -9.50728226E+01  -1.03245575E+02   3.60143929E+01
1131   1.99522263E+02   2.10749908E+02   1.54135742E+02
1132   1.56571472E+02  -6.03429527E+01   3.37683334E+01
1133  -2.11202805E+02   1.77830093E+02  -2.37070908E+02
1134   2.69750549E+02  -2.67643311E+02  -1.21127481E+01
1135   2.35834869E+02   2.04108566E+02   3.98117332E+01
1136  -2.80468811E+02   2.74729279E+02  -1.94771698E+02
1137   2.08526642E+02   2.19640198E+02   1.57793091E+02
1138  -2.85432220E+02   2.07436966E+02  -1.52633194E+02
1139   1.41480499E+02   2.09164200E+02   2.91746460E+02
1140  -2.46455555E+01  -1.27450470E+02   8.83657074E+01
1141   2.70443848E+02   2.12337662E+02   1.90595551E+02
1142   1.31703690E+02  -1.85246063E+02   4.83283310E+01
1143   1.93827553E+01   2.05005646E+02  -1.57144257E+02
1144  -1.33002396E+02  -1.49017960E+02  -2.59992256E+01
1145   6.69537811E+01  -2.38802460E+02  -2.72009857E+02
1146  -2.40895844E+02  -2.36493546E+02   2.16878754E+02
1147  -2.14905487E+02   1.98931763E+02   1.52677048E+02
1148   1.75052357E+01   2.59667145E+02   6.37610245E+01
1149   1.73738831E+02   1.90666245E+02   1.95483719E+02
1150  -7.76847305E+01   1.68744537E+02  -1.65280090E+02
1151  -1.93601059E+02   2.08838608E+02   1.94032562E+02
1152  -8.08646164E+01  -6.12078056E+01  -2.04257065E+02
1153  -8.06865616E+01   2.82374359E+02  -1.51277344E+02
1154   1.03691158E+01  -2.64372375E+02   6.68146057E+01
1155   2.09325821E+02   1.91999847E+02   2.20085846E+02
1156   1.12877182E+02   2.09610405E+01  -1.89421219E+02
1157   1.06016922E+02  -1.83330124E+02   2.25619259E+01
1158  -2.49546032E+01  -1.57824188E+02   8.00005951E+01
1159   1.99938690E+02  -5.99043617E+01  -2.98697479E+02
1160   8.77863159E+01  -1.28397476E+02   6.79003754E+01
1161  -1.50520294E+02   2.07290955E+02   1.69913406E+02
1162  -2.57748810E+02   2.96211121E+02   1.87655792E+02
1163  -1.57693298E+02   1.41700958E+02   7.60078735E+01
1164  -2.89330414E+02   2.84514557E+02  -1.97772491E+02
1165   2.66120682E+01  -1.66336533E+02   9.19186630E+01
1166  -1.69519058E+02  -5.02177353E+01   7.50599060E+01
1167   2.59649872E+02   2.77049438E+02   1.67315063E+02
1168  -1.54407135E+02   2.30566162E+02  -1.29585602E+02
1169   1.13155165E+01  -2.30857254E+02   2.09080067E+01
1170   4.82690468E+01  -7.35933228E+01  -1.74266144E+02
1171   2.69200317E+02  -6.76912918E+01  -1.84387222E+02
1172  -1.84970837E+01   2.86784668E+02   4.81276703E+01
1173  -4.09867439E+01   2.13855804E+02   1.61805222E+02
1174   2.55657486E+02  -4.17444572E+01  -1.75688309E+02
1175   7.89023895E+01  -1.88467377E+02   5.60191727E+01
1176  -5.31133318E+00  -1.73022461E+02   4.98308182E+01
1177  -2.15058029E+02   1.76133499E+02  -1.78335388E+02
1178  -1.53095795E+02   4.64254236E+00   4.44182320E+01
1179  -1.31333527E+02   1.78611786E+02  -1.71058899E+02
1180   1.90500076E+02   2.03549759E+02   2.09039703E+02
1181   2.17418880E+01   1.95383072E+02  -1.76856827E+02
1182  -8.41121521E+01  -2.98790375E+02   5.86400528E+01
1183   2.37187023E+01  -2.53280167E+02  -1.09829903E+01
1184   1.92546799E+02  -1.63669220E+02   4.03284912E+01
1185  -1.70774948E+02  -1.29978912E+02   2.89942993E+02
1186  -7.31939163E+01   1.28131729E+02  -1.64788376E+02
1187  -7.57793350E+01  -1.33312897E+02  -2.16592560E+02
1188  -1.00272141E+01  -1.36079254E+02   9.89974785E+00
1189   2.31065216E+02  -4.31852570E+01  -1.78778870E+02
1190   1.96764755E+02  -1.25789810E+02   8.65293884E+01
1191  -2.48435699E+02   2.94959015E+02  -2.05505447E+02
1192   2.99152985E+02  -6.00054703E+01   2.93657715E+02
1193  -4.71793175E+01  -2.53412819E+01   8.05078793E+00
1194   3.98254623E+01  -7.23121262E+01   9.02773895E+01
1195   2.25945999E+02   2.82615631E+02   1.36764862E+02
1196  -1.33859787E+02   6.57505569E+01  -1.62195938E+02
1197   1.73923798E+02  -1.85660782E+02   7.94149399E+01
1198   2.70670410E+02   2.31762650E+02   1.26518211E+02
1199  -1.97309113E+01  -2.71330200E+02   5.44755745E+01
1200  -6.74116592E+01  -2.23895664E+01   2.36517334E+02
1201  -2.58197052E+02  -2.53998871E+02   7.72995605E+01
1202   1.28462936E+02   1.76703308E+02   1.94948074E+02
1203   1.90262344E+02  -5.84138908E+01  -1.69306320E+02
1204  -1.07577812E+02  -1.71158768E+02   2.14617977E+01
1205  -3.40811462E+01   4.91187973E+01  -1.63040985E+02
1206   1.00485086E+01  -1.02724266E+02  -2.10663651E+02
1207  -2.91504517E+02   2.11626709E+02  -1.94475052E+02
1208  -1.68858109E+02   2.76387634E+02  -1.56887390E+02
1209   1.97804550E+02  -1.51347595E+02   4.76664772E+01
1210  -1.12226151E+02  -7.59562988E+01   3.25063705E+01
1211  -6.55463333E+01  -1.68257736E+02  -1.91510223E+02
1212   1.90656738E+02  -1.08611267E+02  -1.93509033E+02
1213  -9.94787140E+01  -1.03370262E+02   1.04446541E+02
1214  -1.17790527E+02  -4.12423248E+01  -5.37858200E+01
1215   8.19750900E+01  -2.31575516E+02   8.25485687E+01
1216  -5.28921661E+01  -1.28442123E+02  -2.15707657E+02
1217  -8.75092697E+01  -2.99964172E+02  -1.61933090E+02
1218  -3.79051666E+01  -1.34546997E+02  -2.24147232E+02
1219   2.49446854E+02   1.87185776E+02   1.42317902E+02
1220   2.00295547E+02   1.59147415E+02   1.17290794E+02
1221  -6.79721146E+01  -1.08265106E+02   8.08077927E+01
1222  -5.46867943E+01  -1.15122704E+02   1.44807987E+01
1223   1.10560722E+02  -1.26340065E+02  -1.94931244E+02
1224   1.84278030E+02  -5.24041443E+01  -1.82535645E+02
1225   1.19505463E+01  -7.78643951E+01   9.28374634E+01
1226  -2.28994370E+02   2.00236237E+02  -2.31954666E+02
1227   1.49702591E+02  -1.28971237E+02  -2.36371811E+02
1228   2.18371277E+02   3.94738541E+01  -2.90350128E+02
1229   2.47212173E+02   2.23797501E+02   1.08522110E+02
1230   2.75604610E+01   2.92634674E+02   7.28019867E+01
1231  -1.22721687E+02  -2.98122925E+02   5.53392296E+01
1232   1.54641663E+02   2.53189514E+02   9.64964676E+01
1233  -1.09418968E+02   2.48739914E+02  -1.36581558E+02
1234   8.93891983E+01  -1.62268799E+02   4.03976059E+01
1235  -2.82848816E+02  -8.28938293E+01   3.25929794E+01
1236  -2.23454468E+02   5.35992203E+01   3.11142292E+01
1237   2.87734161E+02   2.43206146E+02   1.33952698E+02
1238   1.28179520E+02  -9.18915482E+01  -1.70168594E+02
1239   3.75982323E+01  -1.94376633E+02   4.21802330E+01
1240   4.70577860E+00  -6.14345741E+01   5.98530235E+01
1241   1.13470108E+02   2.45742691E+02   3.04785004E+01
1242   1.23006538E+02  -3.30371361E+01  -2.29878632E+02
1243   1.96271225E+02   1.99858231E+02   1.17592834E+02
1244   1.78027267E+02   2.41276520E+02   1.73829758E+02
1245   2.48344460E+01  -2.03688965E+02   8.55503616E+01
1246   1.20219315E+02  -1.31944794E+02  -1.97702209E+02
1247   2.71987061E+02  -2.38610748E+02   1.94470032E+02
1248   1.47205261E+02   2.51973404E+02   1.93798370E+02
1249   1.26188019E+02  -9.54377279E-02  -1.93776184E+02
1250   2.64755127E+02  -2.78422485E+02   2.04725143E+02
1251  -9.12873917E+01  -1.47485138E+02   5.09565468E+01
1252   1.45185837E+02  -1.52110580E+02   6.50528183E+01
1253   1.12836433E+02  -2.13778854E+02   8.04814148E+01
1254  -2.51413498E+02   2.07966522E+02  -1.79917633E+02
1255   1.82334839E+02  -1.78130371E+02   1.28628128E+02
1256  -1.51629150E+02   1.89416550E+02  -1.86732513E+02
1257  -1.48331375E+02  -4.16870956E+01  -2.48663818E+02
1258   2.73261353E+02  -7.21532974E+01  -2.10403000E+02
1259  -1.59843399E+02   1.78484726E+02  -2.04216873E+02
1260  -1.57716949E+02   1.70200699E+02  -1.73321442E+02
1261   8.63667068E+01  -5.21236420E+01  -2.00576218E+02
1262   8.92789459E+00  -1.40523605E+02   8.74320984E+01
1263  -4.06103182E+00  -1.17456772E+02  -1.69878052E+02
1264   7.73977890E+01  -1.25632034E+02   4.86369591E+01
1265   1.81189011E+02  -7.87474976E+01  -2.19888397E+02
1266  -9.16941833E+01  -1.79937424E+02   5.33994255E+01
1267  -6.33322716E+01  -9.63538895E+01   8.23776474E+01
1268  -2.95136749E+02   2.26827408E+02   1.21316048E+02
1269   2.08029114E+02  -6.12091446E+01  -1.72156509E+02
1270  -7.20170746E+01   2.28324371E+02  -1.62950027E+02
1271   1.89229431E+02  -2.70984222E+02  -1.35688248E+02
1272  -2.10570648E+02   2.39120865E+02  -1.60325989E+02
1273   1.48532471E+02  -2.95571518E+01  -1.63847305E+02
1274   1.61425125E+02  -1.50877365E+02   2.74280148E+01
1275   5.05898132E+01  -2.48084534E+02   2.98673725E+00
1276  -1.45698486E+02   1.55435623E+02  -1.77973999E+02
1277   1.00780830E+02  -1.49340408E+02  -1.73991837E+02
1278   2.10519684E+02  -6.48223877E+01  -1.64487915E+02
1279  -1.16604599E+02   2.39804169E+02  -1.67239395E+02
1280   2.67584778E+02   2.53628830E+02   1.90400742E+02
